houseid,personid,tdtrpnum,trpcnt,trpcnt_AM,TOD,trpcnt_PM,strttime,strhr,strt,startmin,endtime,trvlcmin,trpmiles,trippurp,trptrans,travday,homeown,hhsize,hhvehcnt,hhfaminc,drvrcnt,numadlt,wrkcount,msacat,hh_race,r_age,Age,educ,r_sex,worker,driver
30030912,1,1,1.00,1.00,1.00,0.00,735,7,730,35,820,45,32.97,HBW,3,2,2,4,2,11,2,2,2,2,1,27,0,5,2,1,1
30030912,1,2,1.00,0.00,2.00,1.00,1836,18,1830,36,1908,32,32.83,HBW,3,2,2,4,2,11,2,2,2,2,1,27,0,5,2,1,1
30030912,2,1,1.00,1.00,1.00,0.00,800,8,830,00,810,10,1.51,HBO,4,2,2,4,2,11,2,2,2,2,1,27,0,5,1,1,1
30030912,2,2,1.00,1.00,1.00,0.00,815,8,830,15,900,45,31.59,NHB,4,2,2,4,2,11,2,2,2,2,1,27,0,5,1,1,1
30030912,2,3,1.00,0.00,2.00,1.00,1730,17,1730,30,1830,60,33.76,NHB,4,2,2,4,2,11,2,2,2,2,1,27,0,5,1,1,1
30030912,2,4,1.00,0.00,2.00,1.00,1835,18,1830,35,1845,10,4.21,HBO,4,2,2,4,2,11,2,2,2,2,1,27,0,5,1,1,1
30037625,2,1,1.00,0.00,0.00,0.00,530,5,530,30,645,75,62.71,HBW,3,5,1,3,2,5,2,2,2,2,1,31,0,4,1,1,1
30037625,2,2,1.00,0.00,2.00,1.00,1630,16,1630,30,1730,60,45.23,NHB,3,5,1,3,2,5,2,2,2,2,1,31,0,4,1,1,1
30037625,2,3,1.00,0.00,2.00,1.00,1830,18,1830,30,1910,40,20.28,HBSOCREC,3,5,1,3,2,5,2,2,2,2,1,31,0,4,1,1,1
30042328,1,1,1.00,0.00,0.00,0.00,1000,10,1030,00,1115,75,64.53,HBSOCREC,3,6,2,1,2,1,1,1,1,2,1,23,0,3,2,1,1
30042328,1,2,1.00,0.00,2.00,1.00,1717,17,1730,17,1820,63,63.37,HBSOCREC,3,6,2,1,2,1,1,1,1,2,1,23,0,3,2,1,1
30061374,1,1,1.00,0.00,0.00,0.00,550,5,530,50,650,60,16.72,HBW,3,3,1,2,2,6,2,2,2,2,97,60,1,2,1,1,1
30061374,1,2,1.00,0.00,0.00,0.00,1500,15,1530,00,1540,40,14.34,NHB,3,3,1,2,2,6,2,2,2,2,97,60,1,2,1,1,1
30061374,1,3,1.00,0.00,2.00,1.00,1645,16,1630,45,1710,25,6.09,NHB,3,3,1,2,2,6,2,2,2,2,97,60,1,2,1,1,1
30061374,1,4,1.00,0.00,0.00,0.00,1900,19,1930,00,1910,10,0.93,NHB,3,3,1,2,2,6,2,2,2,2,97,60,1,2,1,1,1
30061374,1,5,1.00,0.00,0.00,0.00,2005,20,2030,05,2015,10,0.86,HBSHOP,3,3,1,2,2,6,2,2,2,2,97,60,1,2,1,1,1
30061374,1,6,1.00,0.00,0.00,0.00,2025,20,2030,25,2040,15,5.01,HBSOCREC,3,3,1,2,2,6,2,2,2,2,97,60,1,2,1,1,1
30061374,1,7,1.00,0.00,0.00,0.00,2138,21,2130,38,2155,17,4.98,HBSOCREC,3,3,1,2,2,6,2,2,2,2,97,60,1,2,1,1,1
30061374,2,1,1.00,1.00,1.00,0.00,750,7,730,50,834,44,34.32,HBW,3,3,1,2,2,6,2,2,2,2,97,58,1,2,2,1,1
30061374,2,2,1.00,0.00,0.00,0.00,1345,13,1330,45,1350,5,0.16,NHB,1,3,1,2,2,6,2,2,2,2,97,58,1,2,2,1,1
30061374,2,3,1.00,0.00,0.00,0.00,1415,14,1430,15,1845,270,33.46,NHB,3,3,1,2,2,6,2,2,2,2,97,58,1,2,2,1,1
30061374,2,4,1.00,0.00,2.00,1.00,1850,18,1830,50,1900,10,0.93,NHB,3,3,1,2,2,6,2,2,2,2,97,58,1,2,2,1,1
30061374,2,5,1.00,0.00,0.00,0.00,2000,20,2030,00,2010,10,0.86,HBSHOP,3,3,1,2,2,6,2,2,2,2,97,58,1,2,2,1,1
30061374,2,6,1.00,0.00,0.00,0.00,2028,20,2030,28,2040,12,5.01,HBSOCREC,3,3,1,2,2,6,2,2,2,2,97,58,1,2,2,1,1
30061374,2,7,1.00,0.00,0.00,0.00,2138,21,2130,38,2155,17,4.98,HBSOCREC,3,3,1,2,2,6,2,2,2,2,97,58,1,2,2,1,1
30063156,1,1,1.00,1.00,1.00,0.00,850,8,830,50,945,55,18.58,HBO,5,4,1,2,3,8,2,2,0,2,1,69,1,3,1,2,1
30063156,1,2,1.00,0.00,0.00,0.00,1105,11,1130,05,1125,20,6.13,NHB,5,4,1,2,3,8,2,2,0,2,1,69,1,3,1,2,1
30063156,1,3,1.00,0.00,0.00,0.00,1230,12,1230,30,1246,16,4.46,NHB,5,4,1,2,3,8,2,2,0,2,1,69,1,3,1,2,1
30063156,1,4,1.00,0.00,0.00,0.00,1342,13,1330,42,1355,13,2.98,NHB,5,4,1,2,3,8,2,2,0,2,1,69,1,3,1,2,1
30063156,1,5,1.00,0.00,0.00,0.00,1412,14,1430,12,1428,16,7.63,HBSHOP,5,4,1,2,3,8,2,2,0,2,1,69,1,3,1,2,1
30063156,1,6,1.00,0.00,2.00,1.00,1700,17,1730,00,1715,15,0.56,HBSOCREC,1,4,1,2,3,8,2,2,0,2,1,69,1,3,1,2,1
30063156,2,1,1.00,1.00,1.00,0.00,730,7,730,30,740,10,0.44,HBSOCREC,1,4,1,2,3,8,2,2,0,2,1,67,1,2,2,2,1
30063156,2,2,1.00,1.00,1.00,0.00,850,8,830,50,945,55,18.58,HBO,5,4,1,2,3,8,2,2,0,2,1,67,1,2,2,2,1
30063156,2,3,1.00,0.00,0.00,0.00,1105,11,1130,05,1125,20,6.13,NHB,5,4,1,2,3,8,2,2,0,2,1,67,1,2,2,2,1
30063156,2,4,1.00,0.00,0.00,0.00,1230,12,1230,30,1246,16,4.46,NHB,5,4,1,2,3,8,2,2,0,2,1,67,1,2,2,2,1
30063156,2,5,1.00,0.00,0.00,0.00,1342,13,1330,42,1355,13,2.98,NHB,5,4,1,2,3,8,2,2,0,2,1,67,1,2,2,2,1
30063156,2,6,1.00,0.00,0.00,0.00,1412,14,1430,12,1428,16,7.63,HBSHOP,5,4,1,2,3,8,2,2,0,2,1,67,1,2,2,2,1
30063822,1,1,1.00,1.00,1.00,0.00,630,6,630,30,700,30,0.54,HBSOCREC,1,6,1,1,2,3,1,1,0,2,1,81,1,3,2,2,1
30063822,1,2,1.00,1.00,1.00,0.00,715,7,730,15,800,45,3.28,NHB,1,6,1,1,2,3,1,1,0,2,1,81,1,3,2,2,1
30063822,1,3,1.00,0.00,0.00,0.00,1500,15,1530,00,1530,30,3.21,NHB,3,6,1,1,2,3,1,1,0,2,1,81,1,3,2,2,1
30063822,1,4,1.00,0.00,2.00,1.00,1630,16,1630,30,1900,150,3.55,NHB,3,6,1,1,2,3,1,1,0,2,1,81,1,3,2,2,1
30063822,1,5,1.00,0.00,0.00,0.00,2200,22,2230,00,2230,30,3.90,HBSOCREC,3,6,1,1,2,3,1,1,0,2,1,81,1,3,2,2,1
30079270,1,1,1.00,1.00,1.00,0.00,730,7,730,30,735,5,2.71,HBSHOP,3,5,1,3,1,2,2,1,1,2,1,40,0,3,2,1,1
30079270,1,2,1.00,1.00,1.00,0.00,830,8,830,30,835,5,2.66,HBSHOP,3,5,1,3,1,2,2,1,1,2,1,40,0,3,2,1,1
30086441,1,1,1.00,1.00,1.00,0.00,815,8,830,15,900,45,9.80,HBO,2,4,1,2,3,7,2,2,0,2,1,67,1,5,1,2,1
30086441,1,2,1.00,0.00,0.00,0.00,930,9,930,30,1015,45,33.99,HBSHOP,6,4,1,2,3,7,2,2,0,2,1,67,1,5,1,2,1
30086441,1,3,1.00,0.00,0.00,0.00,1100,11,1130,00,1105,5,0.58,NHB,6,4,1,2,3,7,2,2,0,2,1,67,1,5,1,2,1
30086441,1,4,1.00,0.00,0.00,0.00,1115,11,1130,15,1120,5,0.64,NHB,6,4,1,2,3,7,2,2,0,2,1,67,1,5,1,2,1
30086441,1,5,1.00,0.00,0.00,0.00,1130,11,1130,30,1135,5,0.08,NHB,6,4,1,2,3,7,2,2,0,2,1,67,1,5,1,2,1
30086441,1,6,1.00,0.00,0.00,0.00,1150,11,1130,50,1200,10,1.54,NHB,6,4,1,2,3,7,2,2,0,2,1,67,1,5,1,2,1
30086441,1,7,1.00,0.00,0.00,0.00,1220,12,1230,20,1225,5,0.61,NHB,6,4,1,2,3,7,2,2,0,2,1,67,1,5,1,2,1
30086441,1,8,1.00,0.00,0.00,0.00,1245,12,1230,45,1330,45,34.40,NHB,6,4,1,2,3,7,2,2,0,2,1,67,1,5,1,2,1
30086441,1,9,1.00,0.00,0.00,0.00,1355,13,1330,55,1357,2,0.41,NHB,6,4,1,2,3,7,2,2,0,2,1,67,1,5,1,2,1
30086441,1,10,1.00,0.00,0.00,0.00,1402,14,1430,02,1407,5,1.74,HBSHOP,6,4,1,2,3,7,2,2,0,2,1,67,1,5,1,2,1
30086441,1,11,1.00,0.00,0.00,0.00,1915,19,1930,15,1925,10,1.73,HBO,6,4,1,2,3,7,2,2,0,2,1,67,1,5,1,2,1
30086441,1,12,1.00,0.00,0.00,0.00,1930,19,1930,30,1940,10,1.74,HBO,6,4,1,2,3,7,2,2,0,2,1,67,1,5,1,2,1
30086441,2,1,1.00,1.00,1.00,0.00,815,8,830,15,820,5,2.09,HBSHOP,3,4,1,2,3,7,2,2,0,2,1,67,1,2,2,2,1
30086441,2,2,1.00,0.00,0.00,0.00,900,9,930,00,905,5,2.06,HBSHOP,3,4,1,2,3,7,2,2,0,2,1,67,1,2,2,2,1
30086441,2,3,1.00,0.00,0.00,0.00,930,9,930,30,1015,45,33.99,HBSHOP,6,4,1,2,3,7,2,2,0,2,1,67,1,2,2,2,1
30086441,2,4,1.00,0.00,0.00,0.00,1100,11,1130,00,1105,5,0.58,NHB,6,4,1,2,3,7,2,2,0,2,1,67,1,2,2,2,1
30086441,2,5,1.00,0.00,0.00,0.00,1115,11,1130,15,1120,5,0.58,NHB,6,4,1,2,3,7,2,2,0,2,1,67,1,2,2,2,1
30086441,2,6,1.00,0.00,0.00,0.00,1130,11,1130,30,1135,5,0.15,NHB,6,4,1,2,3,7,2,2,0,2,1,67,1,2,2,2,1
30086441,2,7,1.00,0.00,0.00,0.00,1150,11,1130,50,1200,10,1.54,NHB,6,4,1,2,3,7,2,2,0,2,1,67,1,2,2,2,1
30086441,2,8,1.00,0.00,0.00,0.00,1220,12,1230,20,1225,5,0.61,NHB,6,4,1,2,3,7,2,2,0,2,1,67,1,2,2,2,1
30086441,2,9,1.00,0.00,0.00,0.00,1245,12,1230,45,1330,45,34.40,NHB,6,4,1,2,3,7,2,2,0,2,1,67,1,2,2,2,1
30086441,2,10,1.00,0.00,0.00,0.00,1355,13,1330,55,1357,2,0.41,NHB,6,4,1,2,3,7,2,2,0,2,1,67,1,2,2,2,1
30086441,2,11,1.00,0.00,0.00,0.00,1402,14,1430,02,1407,5,1.74,HBSHOP,6,4,1,2,3,7,2,2,0,2,1,67,1,2,2,2,1
30095287,1,1,1.00,0.00,0.00,0.00,1000,10,1030,00,1030,30,5.05,HBO,3,5,2,2,2,2,2,2,2,2,1,21,0,4,2,1,1
30095287,1,2,1.00,0.00,0.00,0.00,1500,15,1530,00,1515,15,4.95,HBO,3,5,2,2,2,2,2,2,2,2,1,21,0,4,2,1,1
30095287,1,3,1.00,0.00,0.00,0.00,1555,15,1530,55,1600,5,0.89,HBW,3,5,2,2,2,2,2,2,2,2,1,21,0,4,2,1,1
30095287,1,4,1.00,0.00,0.00,0.00,2200,22,2230,00,2210,10,0.89,HBW,3,5,2,2,2,2,2,2,2,2,1,21,0,4,2,1,1
30095287,2,1,1.00,1.00,1.00,0.00,830,8,830,30,900,30,5.05,HBW,3,5,2,2,2,2,2,2,2,2,1,22,0,4,1,1,1
30095287,2,2,1.00,0.00,0.00,0.00,1445,14,1430,45,1515,30,4.95,HBW,3,5,2,2,2,2,2,2,2,2,1,22,0,4,1,1,1
30095287,2,3,1.00,0.00,2.00,1.00,1600,16,1630,00,1630,30,5.05,HBW,3,5,2,2,2,2,2,2,2,2,1,22,0,4,1,1,1
30095287,2,4,1.00,0.00,2.00,1.00,1700,17,1730,00,1730,30,4.95,HBW,3,5,2,2,2,2,2,2,2,2,1,22,0,4,1,1,1
30096711,1,1,1.00,1.00,1.00,0.00,645,6,630,45,707,22,0.75,HBO,1,5,1,2,1,7,2,2,2,2,1,27,0,5,1,1,1
30096711,1,2,1.00,1.00,1.00,0.00,751,7,730,51,759,8,2.06,HBW,3,5,1,2,1,7,2,2,2,2,1,27,0,5,1,1,1
30096711,1,3,1.00,0.00,2.00,1.00,1702,17,1730,02,1716,14,1.90,HBW,3,5,1,2,1,7,2,2,2,2,1,27,0,5,1,1,1
30096711,1,4,1.00,0.00,2.00,1.00,1722,17,1730,22,1736,14,0.50,HBO,1,5,1,2,1,7,2,2,2,2,1,27,0,5,1,1,1
30096711,1,5,1.00,0.00,2.00,1.00,1738,17,1730,38,1802,24,5.69,HBSHOP,3,5,1,2,1,7,2,2,2,2,1,27,0,5,1,1,1
30096711,1,6,1.00,0.00,2.00,1.00,1851,18,1830,51,1911,20,9.19,HBSHOP,3,5,1,2,1,7,2,2,2,2,1,27,0,5,1,1,1
30096711,1,7,1.00,0.00,0.00,0.00,1921,19,1930,21,2037,76,1.50,HBO,1,5,1,2,1,7,2,2,2,2,1,27,0,5,1,1,1
30096711,2,1,1.00,1.00,1.00,0.00,751,7,730,51,759,8,2.06,HBW,3,5,1,2,1,7,2,2,2,2,1,25,0,5,2,1,1
30096711,2,2,1.00,0.00,2.00,1.00,1702,17,1730,02,1716,14,2.06,HBW,3,5,1,2,1,7,2,2,2,2,1,25,0,5,2,1,1
30096711,2,3,1.00,0.00,2.00,1.00,1722,17,1730,22,1736,14,1.00,HBO,1,5,1,2,1,7,2,2,2,2,1,25,0,5,2,1,1
30096711,2,4,1.00,0.00,2.00,1.00,1738,17,1730,38,1802,24,5.69,HBSHOP,3,5,1,2,1,7,2,2,2,2,1,25,0,5,2,1,1
30096711,2,5,1.00,0.00,2.00,1.00,1851,18,1830,51,1911,20,9.19,HBSHOP,3,5,1,2,1,7,2,2,2,2,1,25,0,5,2,1,1
30099653,1,1,1.00,1.00,1.00,0.00,845,8,830,45,900,15,0.34,HBSOCREC,1,5,2,3,2,6,1,2,2,2,1,47,0,3,1,1,1
30099653,1,2,1.00,0.00,0.00,0.00,1030,10,1030,30,1045,15,0.34,HBSOCREC,1,5,2,3,2,6,1,2,2,2,1,47,0,3,1,1,1
30099653,1,3,1.00,0.00,2.00,1.00,1855,18,1830,55,1900,5,1.21,HBSHOP,3,5,2,3,2,6,1,2,2,2,1,47,0,3,1,1,1
30099653,1,4,1.00,0.00,0.00,0.00,1910,19,1930,10,1940,30,20.01,NHB,3,5,2,3,2,6,1,2,2,2,1,47,0,3,1,1,1
30099653,1,5,1.00,0.00,0.00,0.00,2100,21,2130,00,2110,10,0.89,NHB,3,5,2,3,2,6,1,2,2,2,1,47,0,3,1,1,1
30099653,1,6,1.00,0.00,0.00,0.00,2200,22,2230,00,2230,30,21.62,HBSHOP,3,5,2,3,2,6,1,2,2,2,1,47,0,3,1,1,1
30099653,2,1,1.00,0.00,2.00,1.00,1855,18,1830,55,1900,5,1.21,HBSHOP,3,5,2,3,2,6,1,2,2,2,1,37,0,3,2,1,2
30099653,2,2,1.00,0.00,0.00,0.00,1910,19,1930,10,1940,30,20.01,NHB,3,5,2,3,2,6,1,2,2,2,1,37,0,3,2,1,2
30099653,2,3,1.00,0.00,0.00,0.00,2100,21,2130,00,2110,10,0.89,NHB,3,5,2,3,2,6,1,2,2,2,1,37,0,3,2,1,2
30099653,2,4,1.00,0.00,0.00,0.00,2200,22,2230,00,2230,30,21.62,HBSHOP,3,5,2,3,2,6,1,2,2,2,1,37,0,3,2,1,2
30109160,1,1,1.00,0.00,0.00,0.00,930,9,930,30,947,17,2.54,HBSHOP,3,6,1,2,2,3,2,2,0,2,1,62,1,2,1,2,1
30109160,1,2,1.00,0.00,0.00,0.00,1003,10,1030,03,1026,23,5.11,NHB,3,6,1,2,2,3,2,2,0,2,1,62,1,2,1,2,1
30109160,1,3,1.00,0.00,0.00,0.00,1043,10,1030,43,1112,29,10.36,NHB,3,6,1,2,2,3,2,2,0,2,1,62,1,2,1,2,1
30109160,1,4,1.00,0.00,0.00,0.00,1227,12,1230,27,1242,15,2.65,NHB,3,6,1,2,2,3,2,2,0,2,1,62,1,2,1,2,1
30109160,1,5,1.00,0.00,0.00,0.00,1335,13,1330,35,1358,23,9.43,NHB,3,6,1,2,2,3,2,2,0,2,1,62,1,2,1,2,1
30109160,1,6,1.00,0.00,0.00,0.00,1517,15,1530,17,1531,14,7.07,NHB,3,6,1,2,2,3,2,2,0,2,1,62,1,2,1,2,1
30109160,1,7,1.00,0.00,2.00,1.00,1606,16,1630,06,1617,11,4.40,HBSHOP,3,6,1,2,2,3,2,2,0,2,1,62,1,2,1,2,1
30109160,2,1,1.00,1.00,1.00,0.00,752,7,730,52,828,36,0.44,HBO,1,6,1,2,2,3,2,2,0,2,1,62,1,2,2,2,1
30109160,2,2,1.00,0.00,0.00,0.00,930,9,930,30,947,17,2.54,HBSHOP,3,6,1,2,2,3,2,2,0,2,1,62,1,2,2,2,1
30109160,2,3,1.00,0.00,0.00,0.00,1003,10,1030,03,1026,23,5.11,NHB,3,6,1,2,2,3,2,2,0,2,1,62,1,2,2,2,1
30109160,2,4,1.00,0.00,0.00,0.00,1043,10,1030,43,1112,29,10.37,NHB,3,6,1,2,2,3,2,2,0,2,1,62,1,2,2,2,1
30109160,2,5,1.00,0.00,0.00,0.00,1227,12,1230,27,1242,15,2.75,NHB,3,6,1,2,2,3,2,2,0,2,1,62,1,2,2,2,1
30109160,2,6,1.00,0.00,0.00,0.00,1335,13,1330,35,1358,23,9.43,NHB,3,6,1,2,2,3,2,2,0,2,1,62,1,2,2,2,1
30109160,2,7,1.00,0.00,0.00,0.00,1518,15,1530,18,1531,13,7.01,NHB,3,6,1,2,2,3,2,2,0,2,1,62,1,2,2,2,1
30109160,2,8,1.00,0.00,2.00,1.00,1606,16,1630,06,1617,11,4.45,HBSHOP,3,6,1,2,2,3,2,2,0,2,1,62,1,2,2,2,1
30109160,2,9,1.00,0.00,2.00,1.00,1747,17,1730,47,1825,38,0.44,HBO,1,6,1,2,2,3,2,2,0,2,1,62,1,2,2,2,1
30118172,1,1,1.00,1.00,1.00,0.00,658,6,630,58,728,30,11.86,HBW,3,4,1,3,2,8,2,2,2,2,1,28,0,4,2,1,1
30118172,1,2,1.00,0.00,0.00,0.00,1145,11,1130,45,1158,13,1.33,NHB,3,4,1,3,2,8,2,2,2,2,1,28,0,4,2,1,1
30118172,1,3,1.00,0.00,0.00,0.00,1241,12,1230,41,1252,11,1.38,NHB,3,4,1,3,2,8,2,2,2,2,1,28,0,4,2,1,1
30118172,1,4,1.00,0.00,2.00,1.00,1633,16,1630,33,1723,50,11.51,HBW,3,4,1,3,2,8,2,2,2,2,1,28,0,4,2,1,1
30118172,2,1,1.00,0.00,0.00,0.00,541,5,530,41,554,13,6.14,HBW,3,4,1,3,2,8,2,2,2,2,1,26,0,3,1,1,1
30118172,2,2,1.00,0.00,2.00,1.00,1734,17,1730,34,1758,24,5.76,HBW,3,4,1,3,2,8,2,2,2,2,1,26,0,3,1,1,1
30134101,1,1,1.00,0.00,0.00,0.00,1400,14,1430,00,1415,15,3.60,NHB,4,2,1,1,1,3,1,1,1,2,1,65,1,3,2,1,1
30134101,1,2,1.00,0.00,0.00,0.00,1445,14,1430,45,1455,10,3.62,HBSHOP,4,2,1,1,1,3,1,1,1,2,1,65,1,3,2,1,1
30134101,1,3,1.00,0.00,2.00,1.00,1800,18,1830,00,1810,10,3.76,HBSHOP,3,2,1,1,1,3,1,1,1,2,1,65,1,3,2,1,1
30134101,1,4,1.00,0.00,0.00,0.00,1900,19,1930,00,1915,15,3.78,NHB,3,2,1,1,1,3,1,1,1,2,1,65,1,3,2,1,1
30134101,1,5,1.00,0.00,0.00,0.00,1950,19,1930,50,2000,10,0.99,HBSOCREC,3,2,1,1,1,3,1,1,1,2,1,65,1,3,2,1,1
30140666,2,1,1.00,1.00,1.00,0.00,615,6,630,15,622,7,2.93,HBSOCREC,4,2,1,3,2,6,2,2,2,2,1,37,0,3,1,1,1
30140666,2,2,1.00,1.00,1.00,0.00,731,7,730,31,740,9,2.11,HBSOCREC,4,2,1,3,2,6,2,2,2,2,1,37,0,3,1,1,1
30140666,2,3,1.00,1.00,1.00,0.00,759,7,730,59,908,69,15.71,HBW,4,2,1,3,2,6,2,2,2,2,1,37,0,3,1,1,1
30140666,2,4,1.00,0.00,2.00,1.00,1727,17,1730,27,1837,70,15.40,HBW,4,2,1,3,2,6,2,2,2,2,1,37,0,3,1,1,1
30171886,1,1,1.00,0.00,0.00,0.00,915,9,930,15,935,20,10.43,HBW,3,4,1,2,3,6,2,2,1,2,1,73,1,3,2,1,1
30171886,1,2,1.00,0.00,0.00,0.00,1100,11,1130,00,1125,25,10.30,NHB,3,4,1,2,3,6,2,2,1,2,1,73,1,3,2,1,1
30171886,1,3,1.00,0.00,0.00,0.00,1220,12,1230,20,1230,10,1.84,HBW,3,4,1,2,3,6,2,2,1,2,1,73,1,3,2,1,1
30171886,1,4,1.00,0.00,2.00,1.00,1700,17,1730,00,1705,5,0.46,HBW,3,4,1,2,3,6,2,2,1,2,1,73,1,3,2,1,1
30171886,1,5,1.00,0.00,2.00,1.00,1820,18,1830,20,1825,5,0.46,HBW,3,4,1,2,3,6,2,2,1,2,1,73,1,3,2,1,1
30171886,1,6,1.00,0.00,0.00,0.00,1905,19,1930,05,1910,5,0.25,HBSOCREC,3,4,1,2,3,6,2,2,1,2,1,73,1,3,2,1,1
30171886,1,7,1.00,0.00,0.00,0.00,2230,22,2230,30,2240,10,0.25,HBSOCREC,3,4,1,2,3,6,2,2,1,2,1,73,1,3,2,1,1
30171886,2,1,1.00,0.00,0.00,0.00,1100,11,1130,00,1110,10,0.99,NHB,3,4,1,2,3,6,2,2,1,2,1,79,1,4,1,2,1
30171886,2,2,1.00,0.00,0.00,0.00,1425,14,1430,25,1430,5,0.99,HBSOCREC,3,4,1,2,3,6,2,2,1,2,1,79,1,4,1,2,1
30178584,1,1,1.00,1.00,1.00,0.00,645,6,630,45,710,25,22.82,HBW,5,3,1,2,2,5,2,2,1,2,1,65,1,4,2,1,1
30178584,1,2,1.00,0.00,2.00,1.00,1620,16,1630,20,1650,30,23.25,HBW,5,3,1,2,2,5,2,2,1,2,1,65,1,4,2,1,1
30199548,1,1,1.00,0.00,0.00,0.00,900,9,930,00,905,5,0.27,HBO,2,6,2,1,0,2,0,1,0,2,1,60,1,3,1,2,2
30199548,1,2,1.00,0.00,0.00,0.00,930,9,930,30,935,5,0.27,HBO,2,6,2,1,0,2,0,1,0,2,1,60,1,3,1,2,2
30199548,1,3,1.00,0.00,0.00,0.00,1520,15,1530,20,1530,10,0.48,HBSHOP,2,6,2,1,0,2,0,1,0,2,1,60,1,3,1,2,2
30199548,1,4,1.00,0.00,0.00,0.00,1540,15,1530,40,1545,5,0.48,HBSHOP,2,6,2,1,0,2,0,1,0,2,1,60,1,3,1,2,2
30240616,1,1,1.00,1.00,1.00,0.00,700,7,730,00,730,30,7.91,HBSOCREC,4,5,1,2,1,9,1,2,0,2,1,86,1,5,1,2,1
30240616,1,2,1.00,0.00,0.00,0.00,922,9,930,22,953,31,10.18,NHB,4,5,1,2,1,9,1,2,0,2,1,86,1,5,1,2,1
30240616,1,3,1.00,0.00,0.00,0.00,1120,11,1130,20,1129,9,0.66,NHB,4,5,1,2,1,9,1,2,0,2,1,86,1,5,1,2,1
30240616,1,4,1.00,0.00,0.00,0.00,1545,15,1530,45,1607,22,3.32,HBO,4,5,1,2,1,9,1,2,0,2,1,86,1,5,1,2,1
30262870,1,1,1.00,1.00,1.00,0.00,630,6,630,30,645,15,6.07,HBO,3,6,2,2,1,5,1,1,1,2,1,29,0,3,2,1,1
30262870,1,2,1.00,1.00,1.00,0.00,655,6,630,55,657,2,0.56,NHB,3,6,2,2,1,5,1,1,1,2,1,29,0,3,2,1,1
30262870,1,3,1.00,0.00,0.00,0.00,1230,12,1230,30,1247,17,2.54,NHB,3,6,2,2,1,5,1,1,1,2,1,29,0,3,2,1,1
30262870,1,4,1.00,0.00,0.00,0.00,1307,13,1330,07,1315,8,2.16,NHB,3,6,2,2,1,5,1,1,1,2,1,29,0,3,2,1,1
30262870,1,5,1.00,0.00,2.00,1.00,1824,18,1830,24,1829,5,0.58,NHB,3,6,2,2,1,5,1,1,1,2,1,29,0,3,2,1,1
30262870,1,6,1.00,0.00,2.00,1.00,1833,18,1830,33,1843,10,5.08,NHB,3,6,2,2,1,5,1,1,1,2,1,29,0,3,2,1,1
30262870,1,7,1.00,0.00,2.00,1.00,1859,18,1830,59,1905,6,1.17,HBSHOP,3,6,2,2,1,5,1,1,1,2,1,29,0,3,2,1,1
30298039,1,1,1.00,0.00,0.00,0.00,930,9,930,30,1000,30,11.44,HBO,3,6,1,2,1,4,1,2,0,2,1,80,1,2,2,2,1
30298039,1,2,1.00,0.00,0.00,0.00,1130,11,1130,30,1145,15,0.27,NHB,3,6,1,2,1,4,1,2,0,2,1,80,1,2,2,2,1
30298039,1,3,1.00,0.00,0.00,0.00,1200,12,1230,00,1215,15,0.29,NHB,3,6,1,2,1,4,1,2,0,2,1,80,1,2,2,2,1
30298039,1,4,1.00,0.00,0.00,0.00,1330,13,1330,30,1400,30,8.63,NHB,3,6,1,2,1,4,1,2,0,2,1,80,1,2,2,2,1
30298039,1,5,1.00,0.00,0.00,0.00,1445,14,1430,45,1500,15,0.33,NHB,3,6,1,2,1,4,1,2,0,2,1,80,1,2,2,2,1
30298039,1,6,1.00,0.00,2.00,1.00,1700,17,1730,00,1730,30,8.13,NHB,3,6,1,2,1,4,1,2,0,2,1,80,1,2,2,2,1
30298039,1,7,1.00,0.00,2.00,1.00,1745,17,1730,45,1830,45,7.41,HBSHOP,3,6,1,2,1,4,1,2,0,2,1,80,1,2,2,2,1
30298039,2,1,1.00,0.00,0.00,0.00,930,9,930,30,1000,30,11.44,HBSHOP,3,6,1,2,1,4,1,2,0,2,1,48,0,2,1,2,2
30298039,2,2,1.00,0.00,0.00,0.00,1115,11,1130,15,1145,30,0.27,NHB,3,6,1,2,1,4,1,2,0,2,1,48,0,2,1,2,2
30298039,2,3,1.00,0.00,0.00,0.00,1200,12,1230,00,1215,15,0.29,NHB,3,6,1,2,1,4,1,2,0,2,1,48,0,2,1,2,2
30298039,2,4,1.00,0.00,0.00,0.00,1330,13,1330,30,1400,30,8.63,NHB,3,6,1,2,1,4,1,2,0,2,1,48,0,2,1,2,2
30298039,2,5,1.00,0.00,0.00,0.00,1445,14,1430,45,1500,15,0.33,NHB,3,6,1,2,1,4,1,2,0,2,1,48,0,2,1,2,2
30298039,2,6,1.00,0.00,0.00,0.00,1545,15,1530,45,1700,75,8.13,NHB,3,6,1,2,1,4,1,2,0,2,1,48,0,2,1,2,2
30298039,2,7,1.00,0.00,2.00,1.00,1800,18,1830,00,1830,30,7.41,HBSHOP,3,6,1,2,1,4,1,2,0,2,1,48,0,2,1,2,2
30310512,1,1,1.00,0.00,0.00,0.00,1040,10,1030,40,1055,15,4.43,HBW,3,4,1,4,3,6,3,3,1,2,1,61,1,3,1,2,1
30310512,1,2,1.00,0.00,0.00,0.00,1150,11,1130,50,1210,20,4.45,HBW,3,4,1,4,3,6,3,3,1,2,1,61,1,3,1,2,1
30310512,2,1,1.00,0.00,0.00,0.00,900,9,930,00,945,45,25.48,HBW,3,4,1,4,3,6,3,3,1,2,1,59,1,3,2,1,1
30310512,2,2,1.00,0.00,2.00,1.00,1745,17,1730,45,1845,60,26.82,HBW,3,4,1,4,3,6,3,3,1,2,1,59,1,3,2,1,1
30318180,1,1,1.00,1.00,1.00,0.00,630,6,630,30,700,30,16.91,HBW,5,4,1,1,1,4,1,1,1,2,1,54,1,2,1,1,1
30318180,1,2,1.00,0.00,2.00,1.00,1830,18,1830,30,1930,60,14.43,HBW,5,4,1,1,1,4,1,1,1,2,1,54,1,2,1,1,1
30320797,1,1,1.00,0.00,0.00,0.00,900,9,930,00,945,45,16.50,HBO,5,4,1,2,1,8,2,2,0,2,1,73,1,3,1,2,1
30320797,1,2,1.00,0.00,0.00,0.00,1100,11,1130,00,1130,30,18.03,NHB,5,4,1,2,1,8,2,2,0,2,1,73,1,3,1,2,1
30320797,1,3,1.00,0.00,0.00,0.00,1135,11,1130,35,1200,25,10.20,HBSHOP,5,4,1,2,1,8,2,2,0,2,1,73,1,3,1,2,1
30320797,2,1,1.00,0.00,0.00,0.00,900,9,930,00,945,45,16.50,HBO,5,4,1,2,1,8,2,2,0,2,1,69,1,3,2,2,1
30320797,2,2,1.00,0.00,0.00,0.00,1100,11,1130,00,1130,30,18.03,NHB,5,4,1,2,1,8,2,2,0,2,1,69,1,3,2,2,1
30320797,2,3,1.00,0.00,0.00,0.00,1135,11,1130,35,1200,25,10.20,HBSHOP,5,4,1,2,1,8,2,2,0,2,1,69,1,3,2,2,1
30323570,1,1,1.00,1.00,1.00,0.00,730,7,730,30,800,30,7.51,HBW,3,2,1,1,1,5,1,1,1,2,1,50,0,5,2,1,1
30323570,1,2,1.00,0.00,0.00,0.00,1430,14,1430,30,1500,30,4.20,NHB,3,2,1,1,1,5,1,1,1,2,1,50,0,5,2,1,1
30323570,1,3,1.00,0.00,0.00,0.00,1520,15,1530,20,1540,20,4.21,HBW,3,2,1,1,1,5,1,1,1,2,1,50,0,5,2,1,1
30323570,1,4,1.00,0.00,2.00,1.00,1715,17,1730,15,1805,50,18.48,HBW,3,2,1,1,1,5,1,1,1,2,1,50,0,5,2,1,1
30323570,1,5,1.00,0.00,0.00,0.00,1930,19,1930,30,2000,30,19.48,NHB,3,2,1,1,1,5,1,1,1,2,1,50,0,5,2,1,1
30323570,1,6,1.00,0.00,0.00,0.00,2010,20,2030,10,2020,10,3.03,HBSHOP,3,2,1,1,1,5,1,1,1,2,1,50,0,5,2,1,1
30325078,1,1,1.00,0.00,0.00,0.00,900,9,930,00,955,55,15.74,HBW,3,2,1,1,1,6,1,1,1,2,1,29,0,5,1,1,1
30325078,1,2,1.00,0.00,2.00,1.00,1845,18,1830,45,1938,53,16.55,HBW,3,2,1,1,1,6,1,1,1,2,1,29,0,5,1,1,1
30335596,1,1,1.00,1.00,1.00,0.00,630,6,630,30,638,8,3.53,HBSHOP,4,3,2,5,2,3,2,2,2,2,1,29,0,2,2,1,1
30335596,1,2,1.00,1.00,1.00,0.00,642,6,630,42,645,3,0.71,NHB,4,3,2,5,2,3,2,2,2,2,1,29,0,2,2,1,1
30335596,1,3,1.00,1.00,1.00,0.00,650,6,630,50,658,8,3.22,NHB,4,3,2,5,2,3,2,2,2,2,1,29,0,2,2,1,1
30335596,1,4,1.00,0.00,0.00,0.00,1430,14,1430,30,1440,10,3.44,HBW,4,3,2,5,2,3,2,2,2,2,1,29,0,2,2,1,1
30335596,1,5,1.00,0.00,2.00,1.00,1603,16,1630,03,1615,12,2.25,HBO,4,3,2,5,2,3,2,2,2,2,1,29,0,2,2,1,1
30335596,1,6,1.00,0.00,2.00,1.00,1620,16,1630,20,1628,8,2.26,HBO,4,3,2,5,2,3,2,2,2,2,1,29,0,2,2,1,1
30335596,2,1,1.00,0.00,0.00,0.00,500,5,530,00,545,45,23.39,HBW,3,3,2,5,2,3,2,2,2,2,1,32,0,2,1,1,1
30335596,2,2,1.00,0.00,2.00,1.00,1830,18,1830,30,1930,60,23.40,HBW,3,3,2,5,2,3,2,2,2,2,1,32,0,2,1,1,1
30354460,1,1,1.00,1.00,1.00,0.00,700,7,730,00,820,80,92.33,HBW,3,4,1,2,4,11,2,2,2,2,1,63,1,5,1,1,1
30354460,1,2,1.00,0.00,0.00,0.00,1225,12,1230,25,1240,15,0.11,NHB,1,4,1,2,4,11,2,2,2,2,1,63,1,5,1,1,1
30354460,1,3,1.00,0.00,0.00,0.00,1255,12,1230,55,1300,5,0.11,NHB,1,4,1,2,4,11,2,2,2,2,1,63,1,5,1,1,1
30354460,1,4,1.00,0.00,2.00,1.00,1715,17,1730,15,1850,95,89.41,NHB,3,4,1,2,4,11,2,2,2,2,1,63,1,5,1,1,1
30354460,1,5,1.00,0.00,2.00,1.00,1854,18,1830,54,1905,11,2.83,HBO,3,4,1,2,4,11,2,2,2,2,1,63,1,5,1,1,1
30354460,2,1,1.00,1.00,1.00,0.00,710,7,730,10,730,20,8.77,HBW,4,4,1,2,4,11,2,2,2,2,1,59,1,4,2,1,1
30354460,2,2,1.00,0.00,0.00,0.00,1200,12,1230,00,1215,15,7.61,NHB,4,4,1,2,4,11,2,2,2,2,1,59,1,4,2,1,1
30354460,2,3,1.00,0.00,0.00,0.00,1220,12,1230,20,1225,5,1.35,NHB,4,4,1,2,4,11,2,2,2,2,1,59,1,4,2,1,1
30354460,2,4,1.00,0.00,0.00,0.00,1245,12,1230,45,1310,25,8.77,NHB,4,4,1,2,4,11,2,2,2,2,1,59,1,4,2,1,1
30354460,2,5,1.00,0.00,2.00,1.00,1630,16,1630,30,1645,15,4.97,NHB,4,4,1,2,4,11,2,2,2,2,1,59,1,4,2,1,1
30354460,2,6,1.00,0.00,2.00,1.00,1715,17,1730,15,1735,20,3.77,HBSHOP,4,4,1,2,4,11,2,2,2,2,1,59,1,4,2,1,1
30383231,1,1,1.00,0.00,0.00,0.00,1310,13,1330,10,1325,15,2.68,HBSHOP,3,4,1,1,1,5,1,1,0,2,1,76,1,3,1,2,1
30383231,1,2,1.00,0.00,0.00,0.00,1405,14,1430,05,1415,10,0.79,NHB,3,4,1,1,1,5,1,1,0,2,1,76,1,3,1,2,1
30383231,1,3,1.00,0.00,0.00,0.00,1500,15,1530,00,1515,15,2.09,NHB,3,4,1,1,1,5,1,1,0,2,1,76,1,3,1,2,1
30383231,1,4,1.00,0.00,2.00,1.00,1610,16,1630,10,1625,15,2.70,HBSHOP,3,4,1,1,1,5,1,1,0,2,1,76,1,3,1,2,1
30383231,1,5,1.00,0.00,2.00,1.00,1740,17,1730,40,1800,20,8.12,HBSHOP,3,4,1,1,1,5,1,1,0,2,1,76,1,3,1,2,1
30383231,1,6,1.00,0.00,0.00,0.00,1915,19,1930,15,1935,20,8.14,HBSHOP,3,4,1,1,1,5,1,1,0,2,1,76,1,3,1,2,1
30384854,1,1,1.00,1.00,1.00,0.00,830,8,830,30,835,5,1.11,HBO,3,2,2,5,2,8,2,3,2,2,1,45,0,5,1,1,1
30384854,1,2,1.00,1.00,1.00,0.00,850,8,830,50,855,5,0.87,NHB,3,2,2,5,2,8,2,3,2,2,1,45,0,5,1,1,1
30384854,1,3,1.00,0.00,0.00,0.00,900,9,930,00,1007,67,41.32,NHB,3,2,2,5,2,8,2,3,2,2,1,45,0,5,1,1,1
30384854,1,4,1.00,0.00,2.00,1.00,1630,16,1630,30,1740,70,42.17,HBW,3,2,2,5,2,8,2,3,2,2,1,45,0,5,1,1,1
30384854,2,1,1.00,1.00,1.00,0.00,800,8,830,00,845,45,28.52,HBW,4,2,2,5,2,8,2,3,2,2,1,41,0,5,2,1,1
30384854,2,2,1.00,0.00,2.00,1.00,1600,16,1630,00,1640,40,28.85,NHB,4,2,2,5,2,8,2,3,2,2,1,41,0,5,2,1,1
30384854,2,3,1.00,0.00,2.00,1.00,1650,16,1630,50,1655,5,0.74,HBO,4,2,2,5,2,8,2,3,2,2,1,41,0,5,2,1,1
30384854,5,1,1.00,0.00,0.00,0.00,1000,10,1030,00,1030,30,1.52,HBO,1,2,2,5,2,8,2,3,2,2,1,73,1,3,2,2,2
30384854,5,2,1.00,0.00,0.00,0.00,1500,15,1530,00,1530,30,1.52,HBO,1,2,2,5,2,8,2,3,2,2,1,73,1,3,2,2,2
30405540,1,1,1.00,1.00,1.00,0.00,805,8,830,05,823,18,0.11,HBO,1,5,1,4,3,9,3,3,2,2,1,49,0,5,2,1,1
30405540,1,2,1.00,1.00,1.00,0.00,850,8,830,50,918,28,3.89,HBW,5,5,1,4,3,9,3,3,2,2,1,49,0,5,2,1,1
30405540,1,3,1.00,0.00,0.00,0.00,1145,11,1130,45,1153,8,0.34,NHB,1,5,1,4,3,9,3,3,2,2,1,49,0,5,2,1,1
30405540,1,4,1.00,0.00,0.00,0.00,1235,12,1230,35,1242,7,0.34,NHB,1,5,1,4,3,9,3,3,2,2,1,49,0,5,2,1,1
30405540,1,5,1.00,0.00,0.00,0.00,1334,13,1330,34,1408,34,10.12,NHB,5,5,1,4,3,9,3,3,2,2,1,49,0,5,2,1,1
30405540,1,6,1.00,0.00,0.00,0.00,1409,14,1430,09,1419,10,2.68,NHB,5,5,1,4,3,9,3,3,2,2,1,49,0,5,2,1,1
30405540,1,7,1.00,0.00,0.00,0.00,1532,15,1530,32,1547,15,5.88,NHB,5,5,1,4,3,9,3,3,2,2,1,49,0,5,2,1,1
30405540,1,8,1.00,0.00,0.00,0.00,1552,15,1530,52,1607,15,4.26,HBSHOP,5,5,1,4,3,9,3,3,2,2,1,49,0,5,2,1,1
30405540,1,9,1.00,0.00,2.00,1.00,1850,18,1830,50,1900,10,2.24,HBO,4,5,1,4,3,9,3,3,2,2,1,49,0,5,2,1,1
30405540,1,10,1.00,0.00,0.00,0.00,2030,20,2030,30,2055,25,8.91,NHB,4,5,1,4,3,9,3,3,2,2,1,49,0,5,2,1,1
30405540,1,11,1.00,0.00,0.00,0.00,2135,21,2130,35,2202,27,10.78,HBO,4,5,1,4,3,9,3,3,2,2,1,49,0,5,2,1,1
30405540,2,1,1.00,1.00,1.00,0.00,620,6,630,20,622,2,0.38,HBO,4,5,1,4,3,9,3,3,2,2,1,50,0,5,1,1,1
30405540,2,2,1.00,1.00,1.00,0.00,625,6,630,25,635,10,3.63,NHB,4,5,1,4,3,9,3,3,2,2,1,50,0,5,1,1,1
30405540,2,3,1.00,0.00,0.00,0.00,1145,11,1130,45,1153,8,0.35,NHB,1,5,1,4,3,9,3,3,2,2,1,50,0,5,1,1,1
30405540,2,4,1.00,0.00,0.00,0.00,1235,12,1230,35,1242,7,0.35,NHB,1,5,1,4,3,9,3,3,2,2,1,50,0,5,1,1,1
30405540,2,5,1.00,0.00,2.00,1.00,1805,18,1830,05,1823,18,3.82,HBW,4,5,1,4,3,9,3,3,2,2,1,50,0,5,1,1,1
30405540,2,6,1.00,0.00,2.00,1.00,1850,18,1830,50,1900,10,2.24,HBO,4,5,1,4,3,9,3,3,2,2,1,50,0,5,1,1,1
30405540,2,7,1.00,0.00,0.00,0.00,2030,20,2030,30,2055,25,8.91,NHB,4,5,1,4,3,9,3,3,2,2,1,50,0,5,1,1,1
30405540,2,8,1.00,0.00,0.00,0.00,2135,21,2130,35,2202,27,10.78,HBO,4,5,1,4,3,9,3,3,2,2,1,50,0,5,1,1,1
30405540,3,1,1.00,1.00,1.00,0.00,658,6,630,58,715,17,4.81,HBO,4,5,1,4,3,9,3,3,2,2,1,18,0,1,1,2,1
30405540,3,2,1.00,0.00,0.00,0.00,1433,14,1430,33,1504,31,4.81,HBO,4,5,1,4,3,9,3,3,2,2,1,18,0,1,1,2,1
30405540,3,3,1.00,0.00,0.00,0.00,1540,15,1530,40,1555,15,3.39,HBO,4,5,1,4,3,9,3,3,2,2,1,18,0,1,1,2,1
30405540,3,4,1.00,0.00,2.00,1.00,1658,16,1630,58,1714,16,3.32,HBO,4,5,1,4,3,9,3,3,2,2,1,18,0,1,1,2,1
30405540,3,5,1.00,0.00,2.00,1.00,1841,18,1830,41,1912,31,10.81,HBO,4,5,1,4,3,9,3,3,2,2,1,18,0,1,1,2,1
30405540,3,6,1.00,0.00,0.00,0.00,1914,19,1930,14,1944,30,10.78,HBO,4,5,1,4,3,9,3,3,2,2,1,18,0,1,1,2,1
30429881,1,1,1.00,1.00,1.00,0.00,715,7,730,15,745,30,8.92,HBW,3,5,2,1,1,5,1,1,1,2,1,31,0,4,2,1,1
30429881,1,2,1.00,0.00,0.00,0.00,1515,15,1530,15,1600,45,8.91,HBW,3,5,2,1,1,5,1,1,1,2,1,31,0,4,2,1,1
30440473,1,1,1.00,1.00,1.00,0.00,740,7,730,40,745,5,0.63,HBO,3,5,1,2,2,3,1,1,0,2,1,48,0,4,2,2,1
30440473,1,2,1.00,1.00,1.00,0.00,800,8,830,00,815,15,4.51,NHB,3,5,1,2,2,3,1,1,0,2,1,48,0,4,2,2,1
30443159,1,1,1.00,1.00,1.00,0.00,814,8,830,14,831,17,5.01,HBW,3,3,1,3,3,7,2,2,2,2,1,49,0,5,2,1,1
30443159,1,2,1.00,0.00,0.00,0.00,1018,10,1030,18,1021,3,0.71,NHB,3,3,1,3,3,7,2,2,2,2,1,49,0,5,2,1,1
30443159,1,3,1.00,0.00,0.00,0.00,1145,11,1130,45,1150,5,0.70,NHB,3,3,1,3,3,7,2,2,2,2,1,49,0,5,2,1,1
30443159,1,4,1.00,0.00,2.00,1.00,1600,16,1630,00,1620,20,4.97,HBW,3,3,1,3,3,7,2,2,2,2,1,49,0,5,2,1,1
30443159,2,1,1.00,1.00,1.00,0.00,655,6,630,55,705,10,4.71,HBO,3,3,1,3,3,7,2,2,2,2,1,48,0,3,1,1,1
30443159,2,2,1.00,1.00,1.00,0.00,716,7,730,16,730,14,5.16,NHB,3,3,1,3,3,7,2,2,2,2,1,48,0,3,1,1,1
30443159,2,3,1.00,0.00,0.00,0.00,940,9,930,40,948,8,3.34,NHB,4,3,1,3,3,7,2,2,2,2,1,48,0,3,1,1,1
30443159,2,4,1.00,0.00,0.00,0.00,1425,14,1430,25,1430,5,1.78,NHB,4,3,1,3,3,7,2,2,2,2,1,48,0,3,1,1,1
30443159,2,5,1.00,0.00,0.00,0.00,1434,14,1430,34,1444,10,6.89,NHB,4,3,1,3,3,7,2,2,2,2,1,48,0,3,1,1,1
30443159,2,6,1.00,0.00,0.00,0.00,1530,15,1530,30,1545,15,5.10,NHB,4,3,1,3,3,7,2,2,2,2,1,48,0,3,1,1,1
30443159,2,7,1.00,0.00,0.00,0.00,1550,15,1530,50,1601,11,4.03,NHB,4,3,1,3,3,7,2,2,2,2,1,48,0,3,1,1,1
30443159,2,8,1.00,0.00,2.00,1.00,1602,16,1630,02,1609,7,3.34,NHB,4,3,1,3,3,7,2,2,2,2,1,48,0,3,1,1,1
30443159,2,9,1.00,0.00,2.00,1.00,1735,17,1730,35,1745,10,3.34,HBW,4,3,1,3,3,7,2,2,2,2,1,48,0,3,1,1,1
30443159,2,10,1.00,0.00,0.00,0.00,2032,20,2030,32,2036,4,1.81,HBSHOP,3,3,1,3,3,7,2,2,2,2,1,48,0,3,1,1,1
30443159,2,11,1.00,0.00,0.00,0.00,2045,20,2030,45,2050,5,1.80,HBSHOP,3,3,1,3,3,7,2,2,2,2,1,48,0,3,1,1,1
30444282,1,1,1.00,0.00,0.00,0.00,1145,11,1130,45,1215,30,20.96,HBW,4,3,1,4,2,8,2,2,2,2,1,52,1,4,1,1,1
30444282,1,2,1.00,0.00,0.00,0.00,1445,14,1430,45,1500,15,4.59,HBSOCREC,4,3,1,4,2,8,2,2,2,2,1,52,1,4,1,1,1
30444282,1,3,1.00,0.00,0.00,0.00,1530,15,1530,30,1540,10,4.47,HBSOCREC,4,3,1,4,2,8,2,2,2,2,1,52,1,4,1,1,1
30444282,2,1,1.00,1.00,1.00,0.00,830,8,830,30,850,20,23.53,HBW,4,3,1,4,2,8,2,2,2,2,1,49,0,2,2,1,1
30444282,2,2,1.00,0.00,0.00,0.00,1100,11,1130,00,1120,20,21.14,HBW,4,3,1,4,2,8,2,2,2,2,1,49,0,2,2,1,1
30444282,2,3,1.00,0.00,0.00,0.00,1445,14,1430,45,1500,15,4.59,HBSOCREC,4,3,1,4,2,8,2,2,2,2,1,49,0,2,2,1,1
30444282,2,4,1.00,0.00,0.00,0.00,1530,15,1530,30,1540,10,4.47,HBSOCREC,4,3,1,4,2,8,2,2,2,2,1,49,0,2,2,1,1
30444282,2,5,1.00,0.00,0.00,0.00,1550,15,1530,50,1600,10,2.70,HBSOCREC,4,3,1,4,2,8,2,2,2,2,1,49,0,2,2,1,1
30444282,2,6,1.00,0.00,2.00,1.00,1610,16,1630,10,1620,10,2.65,HBSOCREC,4,3,1,4,2,8,2,2,2,2,1,49,0,2,2,1,1
30444282,2,7,1.00,0.00,2.00,1.00,1710,17,1730,10,1725,15,6.74,HBO,4,3,1,4,2,8,2,2,2,2,1,49,0,2,2,1,1
30444282,2,8,1.00,0.00,2.00,1.00,1735,17,1730,35,1755,20,6.72,HBO,4,3,1,4,2,8,2,2,2,2,1,49,0,2,2,1,1
30444981,1,1,1.00,0.00,0.00,0.00,1500,15,1530,00,1530,30,14.74,HBO,4,6,1,2,1,4,1,2,0,2,1,87,1,4,1,2,1
30444981,1,2,1.00,0.00,2.00,1.00,1700,17,1730,00,1730,30,12.92,HBO,4,6,1,2,1,4,1,2,0,2,1,87,1,4,1,2,1
30444981,2,1,1.00,0.00,0.00,0.00,1500,15,1530,00,1530,30,14.74,HBO,4,6,1,2,1,4,1,2,0,2,1,86,1,4,2,2,2
30444981,2,2,1.00,0.00,2.00,1.00,1700,17,1730,00,1730,30,12.92,HBO,4,6,1,2,1,4,1,2,0,2,1,86,1,4,2,2,2
30452424,1,1,1.00,0.00,0.00,0.00,1000,10,1030,00,1005,5,2.44,HBSHOP,3,4,1,1,1,2,1,1,0,2,1,88,1,4,1,2,1
30452424,1,2,1.00,0.00,0.00,0.00,1100,11,1130,00,1105,5,2.06,HBSHOP,3,4,1,1,1,2,1,1,0,2,1,88,1,4,1,2,1
30452424,1,3,1.00,0.00,0.00,0.00,1430,14,1430,30,1435,5,2.44,HBSHOP,3,4,1,1,1,2,1,1,0,2,1,88,1,4,1,2,1
30452424,1,4,1.00,0.00,0.00,0.00,1530,15,1530,30,1535,5,2.06,HBSHOP,3,4,1,1,1,2,1,1,0,2,1,88,1,4,1,2,1
30465083,1,1,1.00,0.00,2.00,1.00,1815,18,1830,15,1825,10,4.21,HBSOCREC,3,4,1,2,2,8,2,2,2,2,1,30,0,4,2,1,1
30465083,1,2,1.00,0.00,0.00,0.00,2132,21,2130,32,2141,9,4.19,HBSOCREC,3,4,1,2,2,8,2,2,2,2,1,30,0,4,2,1,1
30465083,2,1,1.00,1.00,1.00,0.00,800,8,830,00,820,20,7.81,HBW,3,4,1,2,2,8,2,2,2,2,1,28,0,4,1,1,1
30465083,2,2,1.00,0.00,2.00,1.00,1705,17,1730,05,1726,21,7.69,HBW,3,4,1,2,2,8,2,2,2,2,1,28,0,4,1,1,1
30465083,2,3,1.00,0.00,0.00,0.00,1900,19,1930,00,1913,13,3.17,HBSOCREC,3,4,1,2,2,8,2,2,2,2,1,28,0,4,1,1,1
30465083,2,4,1.00,0.00,0.00,0.00,2146,21,2130,46,2157,11,3.19,HBSOCREC,3,4,1,2,2,8,2,2,2,2,1,28,0,4,1,1,1
30466704,1,1,1.00,1.00,1.00,0.00,600,6,630,00,700,60,12.70,HBO,4,3,2,3,2,7,2,1,1,2,1,52,1,3,1,1,1
30466704,1,2,1.00,1.00,1.00,0.00,710,7,730,10,720,10,1.52,NHB,4,3,2,3,2,7,2,1,1,2,1,52,1,3,1,1,1
30466704,1,3,1.00,1.00,1.00,0.00,730,7,730,30,745,15,5.02,NHB,4,3,2,3,2,7,2,1,1,2,1,52,1,3,1,1,1
30466704,1,4,1.00,1.00,1.00,0.00,845,8,830,45,900,15,3.58,NHB,4,3,2,3,2,7,2,1,1,2,1,52,1,3,1,1,1
30466704,1,5,1.00,0.00,0.00,0.00,1100,11,1130,00,1145,45,30.09,NHB,4,3,2,3,2,7,2,1,1,2,1,52,1,3,1,1,1
30466704,1,6,1.00,0.00,0.00,0.00,1330,13,1330,30,1420,50,28.48,NHB,4,3,2,3,2,7,2,1,1,2,1,52,1,3,1,1,1
30466704,1,7,1.00,0.00,0.00,0.00,1425,14,1430,25,1435,10,2.42,NHB,4,3,2,3,2,7,2,1,1,2,1,52,1,3,1,1,1
30466704,1,8,1.00,0.00,0.00,0.00,1445,14,1430,45,1515,30,9.16,NHB,4,3,2,3,2,7,2,1,1,2,1,52,1,3,1,1,1
30466704,1,9,1.00,0.00,2.00,1.00,1730,17,1730,30,1735,5,1.20,NHB,4,3,2,3,2,7,2,1,1,2,1,52,1,3,1,1,1
30466704,1,10,1.00,0.00,2.00,1.00,1815,18,1830,15,1820,5,1.12,HBSHOP,4,3,2,3,2,7,2,1,1,2,1,52,1,3,1,1,1
30476503,1,1,1.00,0.00,0.00,0.00,1300,13,1330,00,1315,15,8.93,HBSHOP,4,2,1,2,4,7,2,2,0,2,1,55,1,3,2,2,1
30476503,1,2,1.00,0.00,0.00,0.00,1400,14,1430,00,1420,20,8.98,HBSHOP,4,2,1,2,4,7,2,2,0,2,1,55,1,3,2,2,1
30476503,2,1,1.00,0.00,0.00,0.00,1500,15,1530,00,1530,30,9.40,HBSHOP,6,2,1,2,4,7,2,2,0,2,1,60,1,3,1,2,1
30476503,2,2,1.00,0.00,2.00,1.00,1600,16,1630,00,1630,30,9.36,HBSHOP,6,2,1,2,4,7,2,2,0,2,1,60,1,3,1,2,1
30502751,1,1,1.00,1.00,1.00,0.00,730,7,730,30,800,30,22.65,HBSOCREC,3,2,1,2,3,11,2,2,2,2,1,58,1,4,2,1,1
30502751,1,2,1.00,0.00,0.00,0.00,930,9,930,30,935,5,0.32,NHB,3,2,1,2,3,11,2,2,2,2,1,58,1,4,2,1,1
30502751,1,3,1.00,0.00,0.00,0.00,1010,10,1030,10,1045,35,22.82,HBSHOP,3,2,1,2,3,11,2,2,2,2,1,58,1,4,2,1,1
30502751,2,1,1.00,1.00,1.00,0.00,830,8,830,30,855,25,20.25,HBW,3,2,1,2,3,11,2,2,2,2,1,61,1,4,1,1,1
30502751,2,2,1.00,0.00,0.00,0.00,1900,19,1930,00,1930,30,20.87,NHB,3,2,1,2,3,11,2,2,2,2,1,61,1,4,1,1,1
30502871,1,1,1.00,0.00,0.00,0.00,930,9,930,30,958,28,10.42,NHB,5,4,1,2,2,7,2,2,1,2,1,59,1,5,1,1,1
30502871,1,2,1.00,0.00,0.00,0.00,1050,10,1030,50,1128,38,12.25,NHB,5,4,1,2,2,7,2,2,1,2,1,59,1,5,1,1,1
30502871,1,3,1.00,0.00,0.00,0.00,1140,11,1130,40,1220,40,19.24,NHB,5,4,1,2,2,7,2,2,1,2,1,59,1,5,1,1,1
30502871,1,4,1.00,0.00,0.00,0.00,1235,12,1230,35,1328,53,24.85,NHB,5,4,1,2,2,7,2,2,1,2,1,59,1,5,1,1,1
30502871,2,1,1.00,0.00,0.00,0.00,1015,10,1030,15,1032,17,7.01,HBSHOP,3,4,1,2,2,7,2,2,1,2,1,58,1,4,2,2,1
30502871,2,2,1.00,0.00,0.00,0.00,1048,10,1030,48,1058,10,3.11,NHB,3,4,1,2,2,7,2,2,1,2,1,58,1,4,2,2,1
30502871,2,3,1.00,0.00,0.00,0.00,1105,11,1130,05,1120,15,5.63,NHB,3,4,1,2,2,7,2,2,1,2,1,58,1,4,2,2,1
30502871,2,4,1.00,0.00,0.00,0.00,1215,12,1230,15,1231,16,5.77,NHB,3,4,1,2,2,7,2,2,1,2,1,58,1,4,2,2,1
30502871,2,5,1.00,0.00,0.00,0.00,1235,12,1230,35,1255,20,6.22,NHB,3,4,1,2,2,7,2,2,1,2,1,58,1,4,2,2,1
30502871,2,6,1.00,0.00,0.00,0.00,1445,14,1430,45,1503,18,6.27,HBSHOP,3,4,1,2,2,7,2,2,1,2,1,58,1,4,2,2,1
30515977,1,1,1.00,0.00,0.00,0.00,912,9,930,12,914,2,0.36,HBSOCREC,1,4,2,1,2,7,1,1,1,2,1,53,1,3,1,1,1
30515977,1,2,1.00,0.00,0.00,0.00,1025,10,1030,25,1027,2,0.36,HBSOCREC,1,4,2,1,2,7,1,1,1,2,1,53,1,3,1,1,1
30515977,1,3,1.00,0.00,0.00,0.00,1210,12,1230,10,1214,4,0.53,HBSHOP,3,4,2,1,2,7,1,1,1,2,1,53,1,3,1,1,1
30515977,1,4,1.00,0.00,0.00,0.00,1235,12,1230,35,1238,3,0.53,HBSHOP,3,4,2,1,2,7,1,1,1,2,1,53,1,3,1,1,1
30515977,1,5,1.00,0.00,0.00,0.00,1550,15,1530,50,1558,8,2.52,HBO,3,4,2,1,2,7,1,1,1,2,1,53,1,3,1,1,1
30515977,1,6,1.00,0.00,2.00,1.00,1611,16,1630,11,1619,8,2.93,HBO,3,4,2,1,2,7,1,1,1,2,1,53,1,3,1,1,1
30531142,1,1,1.00,1.00,1.00,0.00,720,7,730,20,755,35,16.74,HBW,4,3,1,1,1,6,1,1,1,2,2,35,0,4,2,1,1
30531142,1,2,1.00,0.00,0.00,0.00,1930,19,1930,30,1950,20,9.27,NHB,4,3,1,1,1,6,1,1,1,2,2,35,0,4,2,1,1
30531142,1,3,1.00,0.00,0.00,0.00,2000,20,2030,00,2015,15,4.99,HBSHOP,4,3,1,1,1,6,1,1,1,2,2,35,0,4,2,1,1
30531142,1,4,1.00,0.00,0.00,0.00,2055,20,2030,55,2100,5,1.90,HBSOCREC,4,3,1,1,1,6,1,1,1,2,2,35,0,4,2,1,1
30531142,1,5,1.00,0.00,0.00,0.00,2105,21,2130,05,2110,5,1.91,HBSOCREC,4,3,1,1,1,6,1,1,1,2,2,35,0,4,2,1,1
30535667,1,1,1.00,0.00,0.00,0.00,445,4,430,45,515,30,13.71,HBW,3,4,2,3,2,2,3,3,3,2,1,30,0,2,1,1,1
30535667,1,2,1.00,0.00,0.00,0.00,1410,14,1430,10,1445,35,13.48,HBW,3,4,2,3,2,2,3,3,3,2,1,30,0,2,1,1,1
30535667,2,1,1.00,1.00,1.00,0.00,825,8,830,25,835,10,2.62,HBW,4,4,2,3,2,2,3,3,3,2,1,60,1,2,1,1,1
30535667,2,2,1.00,0.00,2.00,1.00,1710,17,1730,10,1720,10,1.76,NHB,4,4,2,3,2,2,3,3,3,2,1,60,1,2,1,1,1
30535667,2,3,1.00,0.00,2.00,1.00,1723,17,1730,23,1728,5,1.16,HBSHOP,4,4,2,3,2,2,3,3,3,2,1,60,1,2,1,1,1
30535667,3,1,1.00,1.00,1.00,0.00,820,8,830,20,830,10,2.62,HBO,4,4,2,3,2,2,3,3,3,2,1,68,1,2,2,1,1
30535667,3,2,1.00,1.00,1.00,0.00,832,8,830,32,845,13,2.50,NHB,4,4,2,3,2,2,3,3,3,2,1,68,1,2,2,1,1
30535667,3,3,1.00,0.00,0.00,0.00,1515,15,1530,15,1525,10,2.37,HBW,4,4,2,3,2,2,3,3,3,2,1,68,1,2,2,1,1
30535667,3,4,1.00,0.00,2.00,1.00,1630,16,1630,30,1640,10,2.62,HBO,4,4,2,3,2,2,3,3,3,2,1,68,1,2,2,1,1
30535667,3,5,1.00,0.00,2.00,1.00,1710,17,1730,10,1720,10,1.76,NHB,4,4,2,3,2,2,3,3,3,2,1,68,1,2,2,1,1
30535667,3,6,1.00,0.00,2.00,1.00,1723,17,1730,23,1730,7,1.16,HBSHOP,4,4,2,3,2,2,3,3,3,2,1,68,1,2,2,1,1
30541216,1,1,1.00,1.00,1.00,0.00,857,8,830,57,1000,63,34.94,HBW,3,2,1,4,5,10,3,3,2,2,1,58,1,4,1,1,1
30541216,1,2,1.00,0.00,0.00,0.00,1135,11,1130,35,1145,10,4.11,NHB,3,2,1,4,5,10,3,3,2,2,1,58,1,4,1,1,1
30541216,1,3,1.00,0.00,0.00,0.00,1150,11,1130,50,1350,120,83.37,NHB,3,2,1,4,5,10,3,3,2,2,1,58,1,4,1,1,1
30541216,1,4,1.00,0.00,0.00,0.00,1352,13,1330,52,1415,23,4.30,NHB,3,2,1,4,5,10,3,3,2,2,1,58,1,4,1,1,1
30541216,1,6,1.00,0.00,0.00,0.00,2125,21,2130,25,2127,2,0.16,NHB,3,2,1,4,5,10,3,3,2,2,1,58,1,4,1,1,1
30541216,2,1,1.00,1.00,1.00,0.00,720,7,730,20,730,10,2.72,HBO,4,2,1,4,5,10,3,3,2,2,1,48,0,3,2,1,1
30541216,2,2,1.00,1.00,1.00,0.00,735,7,730,35,745,10,2.57,NHB,4,2,1,4,5,10,3,3,2,2,1,48,0,3,2,1,1
30541216,2,3,1.00,0.00,0.00,0.00,1500,15,1530,00,1515,15,2.43,NHB,4,2,1,4,5,10,3,3,2,2,1,48,0,3,2,1,1
30541216,2,4,1.00,0.00,0.00,0.00,1540,15,1530,40,1555,15,2.70,NHB,4,2,1,4,5,10,3,3,2,2,1,48,0,3,2,1,1
30541216,2,5,1.00,0.00,2.00,1.00,1615,16,1630,15,1620,5,1.08,NHB,4,2,1,4,5,10,3,3,2,2,1,48,0,3,2,1,1
30541216,2,6,1.00,0.00,2.00,1.00,1800,18,1830,00,1805,5,1.08,NHB,4,2,1,4,5,10,3,3,2,2,1,48,0,3,2,1,1
30541216,2,7,1.00,0.00,2.00,1.00,1845,18,1830,45,1900,15,1.92,NHB,4,2,1,4,5,10,3,3,2,2,1,48,0,3,2,1,1
30541216,2,8,1.00,0.00,0.00,0.00,2000,20,2030,00,2010,10,1.46,NHB,4,2,1,4,5,10,3,3,2,2,1,48,0,3,2,1,1
30541216,2,9,1.00,0.00,0.00,0.00,2035,20,2030,35,2045,10,1.17,HBSHOP,4,2,1,4,5,10,3,3,2,2,1,48,0,3,2,1,1
30541216,3,1,1.00,0.00,0.00,0.00,1230,12,1230,30,1245,15,2.38,NHB,4,2,1,4,5,10,3,3,2,2,1,28,0,3,1,2,1
30541216,3,2,1.00,0.00,0.00,0.00,1330,13,1330,30,1345,15,2.48,NHB,4,2,1,4,5,10,3,3,2,2,1,28,0,3,1,2,1
30541216,3,3,1.00,0.00,0.00,0.00,1445,14,1430,45,1500,15,2.58,NHB,4,2,1,4,5,10,3,3,2,2,1,28,0,3,1,2,1
30541216,3,4,1.00,0.00,0.00,0.00,1510,15,1530,10,1525,15,3.01,NHB,4,2,1,4,5,10,3,3,2,2,1,28,0,3,1,2,1
30551940,1,1,1.00,1.00,1.00,0.00,612,6,630,12,628,16,0.75,HBO,1,5,1,1,1,5,1,1,1,2,1,59,1,3,1,1,1
30551940,1,2,1.00,1.00,1.00,0.00,635,6,630,35,645,10,3.71,HBW,3,5,1,1,1,5,1,1,1,2,1,59,1,3,1,1,1
30551940,1,3,1.00,0.00,0.00,0.00,930,9,930,30,945,15,2.49,NHB,3,5,1,1,1,5,1,1,1,2,1,59,1,3,1,1,1
30551940,1,4,1.00,0.00,0.00,0.00,1000,10,1030,00,1015,15,2.24,NHB,3,5,1,1,1,5,1,1,1,2,1,59,1,3,1,1,1
30551940,1,5,1.00,0.00,0.00,0.00,1045,10,1030,45,1047,2,0.50,NHB,3,5,1,1,1,5,1,1,1,2,1,59,1,3,1,1,1
30551940,1,6,1.00,0.00,0.00,0.00,1300,13,1330,00,1305,5,0.43,NHB,3,5,1,1,1,5,1,1,1,2,1,59,1,3,1,1,1
30551940,1,7,1.00,0.00,0.00,0.00,1315,13,1330,15,1318,3,0.36,NHB,3,5,1,1,1,5,1,1,1,2,1,59,1,3,1,1,1
30551940,1,8,1.00,0.00,2.00,1.00,1715,17,1730,15,1720,5,0.93,NHB,3,5,1,1,1,5,1,1,1,2,1,59,1,3,1,1,1
30551940,1,9,1.00,0.00,2.00,1.00,1745,17,1730,45,1800,15,3.91,NHB,3,5,1,1,1,5,1,1,1,2,1,59,1,3,1,1,1
30551940,1,10,1.00,0.00,2.00,1.00,1801,18,1830,01,1810,9,0.50,HBSOCREC,1,5,1,1,1,5,1,1,1,2,1,59,1,3,1,1,1
30551940,1,11,1.00,0.00,0.00,0.00,2230,22,2230,30,2250,20,0.75,HBO,1,5,1,1,1,5,1,1,1,2,1,59,1,3,1,1,1
30552637,1,1,1.00,0.00,0.00,0.00,915,9,930,15,945,30,16.45,HBW,3,6,2,2,2,5,2,2,2,2,1,41,0,4,1,1,1
30552637,1,2,1.00,0.00,0.00,0.00,2000,20,2030,00,2025,25,16.77,HBW,3,6,2,2,2,5,2,2,2,2,1,41,0,4,1,1,1
30552637,2,1,1.00,1.00,1.00,0.00,715,7,730,15,800,45,22.43,HBW,3,6,2,2,2,5,2,2,2,2,1,43,0,5,2,1,1
30552637,2,2,1.00,0.00,2.00,1.00,1600,16,1630,00,1700,60,20.28,HBW,3,6,2,2,2,5,2,2,2,2,1,43,0,5,2,1,1
30555291,1,1,1.00,0.00,0.00,0.00,955,9,930,55,1007,12,7.99,NHB,5,6,1,2,1,-7,2,2,0,2,1,68,1,3,1,2,1
30555291,1,2,1.00,0.00,0.00,0.00,1030,10,1030,30,1035,5,0.21,NHB,5,6,1,2,1,-7,2,2,0,2,1,68,1,3,1,2,1
30555291,1,3,1.00,0.00,0.00,0.00,1045,10,1030,45,1140,55,10.14,NHB,5,6,1,2,1,-7,2,2,0,2,1,68,1,3,1,2,1
30555291,1,4,1.00,0.00,0.00,0.00,1201,12,1230,01,1300,59,9.26,NHB,5,6,1,2,1,-7,2,2,0,2,1,68,1,3,1,2,1
30555291,1,5,1.00,0.00,0.00,0.00,1342,13,1330,42,1436,54,5.57,NHB,5,6,1,2,1,-7,2,2,0,2,1,68,1,3,1,2,1
30555291,2,1,1.00,0.00,0.00,0.00,955,9,930,55,1007,12,7.99,HBSOCREC,5,6,1,2,1,-7,2,2,0,2,1,67,1,4,2,2,1
30555291,2,2,1.00,0.00,0.00,0.00,1030,10,1030,30,1035,5,0.21,NHB,5,6,1,2,1,-7,2,2,0,2,1,67,1,4,2,2,1
30555291,2,3,1.00,0.00,0.00,0.00,1045,10,1030,45,1140,55,10.14,NHB,5,6,1,2,1,-7,2,2,0,2,1,67,1,4,2,2,1
30555291,2,4,1.00,0.00,0.00,0.00,1201,12,1230,01,1351,110,9.26,NHB,5,6,1,2,1,-7,2,2,0,2,1,67,1,4,2,2,1
30555291,2,5,1.00,0.00,0.00,0.00,1417,14,1430,17,1436,19,5.57,NHB,5,6,1,2,1,-7,2,2,0,2,1,67,1,4,2,2,1
40011307,1,1,1.00,1.00,1.00,0.00,600,6,630,00,730,90,41.74,HBSHOP,3,2,1,1,1,1,1,1,0,2,1,79,1,3,2,2,1
40011307,1,3,1.00,0.00,0.00,0.00,1130,11,1130,30,1150,20,7.68,NHB,3,2,1,1,1,1,1,1,0,2,1,79,1,3,2,2,1
40034794,1,1,1.00,0.00,0.00,0.00,515,5,530,15,540,25,20.13,HBW,4,4,1,2,6,10,2,2,1,2,1,58,1,3,1,1,1
40034794,1,2,1.00,0.00,2.00,1.00,1810,18,1830,10,1905,55,21.46,HBW,4,4,1,2,6,10,2,2,1,2,1,58,1,3,1,1,1
40034794,2,1,1.00,0.00,0.00,0.00,915,9,930,15,920,5,1.47,HBSHOP,6,4,1,2,6,10,2,2,1,2,1,58,1,3,2,2,1
40034794,2,2,1.00,0.00,0.00,0.00,950,9,930,50,955,5,1.53,HBSHOP,6,4,1,2,6,10,2,2,1,2,1,58,1,3,2,2,1
40074771,1,1,1.00,1.00,1.00,0.00,650,6,630,50,743,53,28.45,HBW,3,4,1,2,3,8,2,2,2,2,1,50,0,4,2,1,1
40074771,1,2,1.00,0.00,0.00,0.00,1547,15,1530,47,1642,55,28.44,HBW,3,4,1,2,3,8,2,2,2,2,1,50,0,4,2,1,1
40074771,2,1,1.00,1.00,1.00,0.00,720,7,730,20,810,50,29.92,HBW,4,4,1,2,3,8,2,2,2,2,1,51,1,4,1,1,1
40074771,2,2,1.00,0.00,0.00,0.00,1330,13,1330,30,1340,10,0.26,NHB,1,4,1,2,3,8,2,2,2,2,1,51,1,4,1,1,1
40074771,2,3,1.00,0.00,0.00,0.00,1420,14,1430,20,1430,10,0.26,NHB,1,4,1,2,3,8,2,2,2,2,1,51,1,4,1,1,1
40074771,2,4,1.00,0.00,2.00,1.00,1805,18,1830,05,1850,45,25.20,NHB,4,4,1,2,3,8,2,2,2,2,1,51,1,4,1,1,1
40074771,2,5,1.00,0.00,0.00,0.00,1935,19,1930,35,1950,15,5.07,HBSHOP,4,4,1,2,3,8,2,2,2,2,1,51,1,4,1,1,1
40124234,1,1,1.00,1.00,1.00,0.00,730,7,730,30,745,15,4.66,HBO,3,6,1,3,3,7,2,2,2,2,1,66,1,5,1,1,1
40124234,1,2,1.00,1.00,1.00,0.00,747,7,730,47,800,13,4.66,HBO,3,6,1,3,3,7,2,2,2,2,1,66,1,5,1,1,1
40124234,1,3,1.00,0.00,0.00,0.00,945,9,930,45,1010,25,5.11,HBW,3,6,1,3,3,7,2,2,2,2,1,66,1,5,1,1,1
40124234,1,4,1.00,0.00,0.00,0.00,1205,12,1230,05,1214,9,1.53,NHB,3,6,1,3,3,7,2,2,2,2,1,66,1,5,1,1,1
40124234,1,5,1.00,0.00,0.00,0.00,1215,12,1230,15,1235,20,4.66,HBO,3,6,1,3,3,7,2,2,2,2,1,66,1,5,1,1,1
40124234,1,6,1.00,0.00,0.00,0.00,1300,13,1330,00,1320,20,5.11,HBW,3,6,1,3,3,7,2,2,2,2,1,66,1,5,1,1,1
40124234,1,7,1.00,0.00,2.00,1.00,1600,16,1630,00,1630,30,5.11,HBW,3,6,1,3,3,7,2,2,2,2,1,66,1,5,1,1,1
40124234,2,1,1.00,1.00,1.00,0.00,630,6,630,30,700,30,24.51,HBW,3,6,1,3,3,7,2,2,2,2,1,58,1,5,2,1,1
40124234,2,2,1.00,0.00,2.00,1.00,1700,17,1730,00,1730,30,25.87,HBW,3,6,1,3,3,7,2,2,2,2,1,58,1,5,2,1,1
40125416,1,1,1.00,1.00,1.00,0.00,730,7,730,30,845,75,54.46,HBW,4,3,1,4,2,11,2,2,2,2,6,36,0,5,2,1,1
40125416,1,2,1.00,0.00,2.00,1.00,1610,16,1630,10,1730,80,53.48,HBW,4,3,1,4,2,11,2,2,2,2,6,36,0,5,2,1,1
40125416,2,1,1.00,1.00,1.00,0.00,705,7,730,05,730,25,11.84,HBW,4,3,1,4,2,11,2,2,2,2,6,35,0,5,1,1,1
40125416,2,2,1.00,0.00,2.00,1.00,1650,16,1630,50,1720,30,11.54,HBW,4,3,1,4,2,11,2,2,2,2,6,35,0,5,1,1,1
40147549,1,1,1.00,0.00,0.00,0.00,927,9,930,27,943,16,0.17,HBO,1,4,1,2,2,6,2,2,0,2,1,70,1,5,2,2,1
40147549,1,2,1.00,0.00,0.00,0.00,1250,12,1230,50,1300,10,3.85,HBSHOP,4,4,1,2,2,6,2,2,0,2,1,70,1,5,2,2,1
40147549,1,3,1.00,0.00,0.00,0.00,1320,13,1330,20,1323,3,0.51,NHB,4,4,1,2,2,6,2,2,0,2,1,70,1,5,2,2,1
40147549,1,4,1.00,0.00,0.00,0.00,1410,14,1430,10,1413,3,0.41,NHB,4,4,1,2,2,6,2,2,0,2,1,70,1,5,2,2,1
40147549,1,5,1.00,0.00,0.00,0.00,1420,14,1430,20,1432,12,3.78,HBSHOP,4,4,1,2,2,6,2,2,0,2,1,70,1,5,2,2,1
40147549,2,1,1.00,0.00,0.00,0.00,1115,11,1130,15,1130,15,6.53,HBSOCREC,3,4,1,2,2,6,2,2,0,2,1,76,1,4,1,2,1
40147549,2,2,1.00,0.00,0.00,0.00,1315,13,1330,15,1338,23,7.91,NHB,3,4,1,2,2,6,2,2,0,2,1,76,1,4,1,2,1
40147549,2,3,1.00,0.00,0.00,0.00,1358,13,1330,58,1410,12,2.51,HBSHOP,3,4,1,2,2,6,2,2,0,2,1,76,1,4,1,2,1
40153358,1,1,1.00,1.00,1.00,0.00,814,8,830,14,901,47,21.11,HBW,3,5,1,3,2,11,2,2,2,2,1,45,0,5,1,1,1
40153358,1,2,1.00,0.00,2.00,1.00,1812,18,1830,12,1849,37,21.00,HBW,3,5,1,3,2,11,2,2,2,2,1,45,0,5,1,1,1
40155958,1,1,1.00,1.00,1.00,0.00,700,7,730,00,745,45,27.11,HBW,3,2,2,5,4,7,4,3,3,2,1,36,0,2,1,1,1
40155958,1,2,1.00,0.00,0.00,0.00,1905,19,1930,05,2010,65,27.11,HBW,3,2,2,5,4,7,4,3,3,2,1,36,0,2,1,1,1
40155958,2,1,1.00,1.00,1.00,0.00,810,8,830,10,820,10,2.31,HBO,4,2,2,5,4,7,4,3,3,2,1,40,0,2,2,1,1
40155958,2,2,1.00,1.00,1.00,0.00,827,8,830,27,850,23,11.64,NHB,4,2,2,5,4,7,4,3,3,2,1,40,0,2,2,1,1
40155958,2,3,1.00,0.00,2.00,1.00,1705,17,1730,05,1730,25,12.15,NHB,4,2,2,5,4,7,4,3,3,2,1,40,0,2,2,1,1
40155958,2,4,1.00,0.00,2.00,1.00,1740,17,1730,40,1750,10,1.63,HBO,4,2,2,5,4,7,4,3,3,2,1,40,0,2,2,1,1
40155958,3,1,1.00,1.00,1.00,0.00,830,8,830,30,900,30,7.97,HBSOCREC,3,2,2,5,4,7,4,3,3,2,1,18,0,2,1,1,1
40155958,3,2,1.00,0.00,0.00,0.00,1000,10,1030,00,1030,30,8.02,HBSOCREC,3,2,2,5,4,7,4,3,3,2,1,18,0,2,1,1,1
40155958,3,3,1.00,0.00,0.00,0.00,1319,13,1330,19,1400,41,8.76,HBO,3,2,2,5,4,7,4,3,3,2,1,18,0,2,1,1,1
40155958,3,4,1.00,0.00,0.00,0.00,1415,14,1430,15,1455,40,8.81,HBO,3,2,2,5,4,7,4,3,3,2,1,18,0,2,1,1,1
40155958,3,5,1.00,0.00,0.00,0.00,1530,15,1530,30,1545,15,8.64,HBSOCREC,3,2,2,5,4,7,4,3,3,2,1,18,0,2,1,1,1
40155958,3,6,1.00,0.00,0.00,0.00,2141,21,2130,41,2200,19,8.67,HBSOCREC,3,2,2,5,4,7,4,3,3,2,1,18,0,2,1,1,1
40161936,1,1,1.00,1.00,1.00,0.00,830,8,830,30,900,30,17.88,HBW,3,6,2,2,3,9,2,2,2,2,1,62,1,5,2,1,1
40161936,1,2,1.00,0.00,2.00,1.00,1815,18,1830,15,1830,15,3.29,NHB,3,6,2,2,3,9,2,2,2,2,1,62,1,5,2,1,1
40161936,1,3,1.00,0.00,0.00,0.00,1915,19,1930,15,1925,10,0.58,NHB,3,6,2,2,3,9,2,2,2,2,1,62,1,5,2,1,1
40161936,1,4,1.00,0.00,0.00,0.00,2020,20,2030,20,2050,30,16.47,HBSHOP,3,6,2,2,3,9,2,2,2,2,1,62,1,5,2,1,1
40161936,2,1,1.00,0.00,0.00,0.00,510,5,530,10,522,12,9.14,HBW,6,6,2,2,3,9,2,2,2,2,1,63,1,4,1,1,1
40161936,2,3,1.00,0.00,0.00,0.00,1038,10,1030,38,1051,13,8.85,NHB,97,6,2,2,3,9,2,2,2,2,1,63,1,4,1,1,1
40161936,2,4,1.00,0.00,0.00,0.00,2114,21,2130,14,2119,5,1.08,NHB,97,6,2,2,3,9,2,2,2,2,1,63,1,4,1,1,1
40161936,2,6,1.00,0.00,0.00,0.00,138,1,130,38,150,12,10.15,NHB,6,6,2,2,3,9,2,2,2,2,1,63,1,4,1,1,1
40169510,1,1,1.00,0.00,0.00,0.00,1110,11,1130,10,1200,50,10.30,HBW,3,5,1,2,1,6,2,2,2,2,1,33,0,3,2,1,1
40169510,1,2,1.00,0.00,0.00,0.00,1530,15,1530,30,1537,7,2.54,HBSHOP,3,5,1,2,1,6,2,2,2,2,1,33,0,3,2,1,1
40169510,1,3,1.00,0.00,0.00,0.00,1550,15,1530,50,1600,10,4.42,NHB,3,5,1,2,1,6,2,2,2,2,1,33,0,3,2,1,1
40169510,1,4,1.00,0.00,2.00,1.00,1615,16,1630,15,1622,7,7.31,HBO,3,5,1,2,1,6,2,2,2,2,1,33,0,3,2,1,1
40169510,1,5,1.00,0.00,0.00,0.00,1945,19,1930,45,1950,5,0.96,HBO,3,5,1,2,1,6,2,2,2,2,1,33,0,3,2,1,1
40169510,1,6,1.00,0.00,0.00,0.00,1955,19,1930,55,2000,5,0.54,HBO,3,5,1,2,1,6,2,2,2,2,1,33,0,3,2,1,1
40169510,2,1,1.00,0.00,2.00,1.00,1615,16,1630,15,1622,7,7.31,HBW,3,5,1,2,1,6,2,2,2,2,1,41,0,4,2,1,1
40169510,2,2,1.00,0.00,0.00,0.00,1945,19,1930,45,1950,5,0.96,HBO,3,5,1,2,1,6,2,2,2,2,1,41,0,4,2,1,1
40169510,2,3,1.00,0.00,0.00,0.00,1955,19,1930,55,2000,5,0.54,HBO,3,5,1,2,1,6,2,2,2,2,1,41,0,4,2,1,1
40170778,1,1,1.00,0.00,2.00,1.00,1700,17,1730,00,1707,7,2.93,NHB,4,3,1,2,2,6,2,2,1,2,1,51,1,5,1,1,1
40170778,1,2,1.00,0.00,0.00,0.00,2007,20,2030,07,2020,13,2.93,HBW,4,3,1,2,2,6,2,2,1,2,1,51,1,5,1,1,1
40182810,1,1,1.00,0.00,0.00,0.00,925,9,930,25,930,5,0.24,HBSOCREC,1,4,1,4,2,11,2,2,2,2,1,47,0,4,1,1,1
40182810,1,2,1.00,0.00,0.00,0.00,1020,10,1030,20,1030,10,0.24,HBSOCREC,1,4,1,4,2,11,2,2,2,2,1,47,0,4,1,1,1
40182810,1,3,1.00,0.00,2.00,1.00,1630,16,1630,30,1655,25,19.29,HBSHOP,4,4,1,4,2,11,2,2,2,2,1,47,0,4,1,1,1
40182810,1,4,1.00,0.00,2.00,1.00,1734,17,1730,34,1810,36,9.80,NHB,4,4,1,4,2,11,2,2,2,2,1,47,0,4,1,1,1
40182810,1,5,1.00,0.00,2.00,1.00,1815,18,1830,15,1835,20,10.68,HBO,4,4,1,4,2,11,2,2,2,2,1,47,0,4,1,1,1
40182810,2,1,1.00,1.00,1.00,0.00,645,6,630,45,650,5,2.05,HBO,5,4,1,4,2,11,2,2,2,2,1,46,0,4,2,1,1
40182810,2,2,1.00,1.00,1.00,0.00,655,6,630,55,705,10,2.03,HBO,5,4,1,4,2,11,2,2,2,2,1,46,0,4,2,1,1
40182810,2,3,1.00,1.00,1.00,0.00,830,8,830,30,835,5,1.35,HBO,5,4,1,4,2,11,2,2,2,2,1,46,0,4,2,1,1
40182810,2,4,1.00,1.00,1.00,0.00,840,8,830,40,845,5,1.34,HBO,5,4,1,4,2,11,2,2,2,2,1,46,0,4,2,1,1
40182810,2,5,1.00,0.00,0.00,0.00,1430,14,1430,30,1435,5,2.34,HBSHOP,5,4,1,4,2,11,2,2,2,2,1,46,0,4,2,1,1
40182810,2,6,1.00,0.00,0.00,0.00,1515,15,1530,15,1520,5,1.50,NHB,5,4,1,4,2,11,2,2,2,2,1,46,0,4,2,1,1
40182810,2,7,1.00,0.00,0.00,0.00,1525,15,1530,25,1530,5,0.28,NHB,5,4,1,4,2,11,2,2,2,2,1,46,0,4,2,1,1
40182810,2,8,1.00,0.00,2.00,1.00,1615,16,1630,15,1620,5,1.11,HBSHOP,5,4,1,4,2,11,2,2,2,2,1,46,0,4,2,1,1
40184626,1,1,1.00,0.00,2.00,1.00,1700,17,1730,00,1730,30,11.47,HBO,3,4,1,1,1,5,1,1,0,2,1,78,1,2,1,2,1
40184626,1,2,1.00,0.00,0.00,0.00,2030,20,2030,30,2100,30,11.79,HBO,3,4,1,1,1,5,1,1,0,2,1,78,1,2,1,2,1
40223570,1,1,1.00,0.00,0.00,0.00,1545,15,1530,45,1635,50,21.42,HBW,6,2,1,2,2,4,2,2,2,2,1,76,1,2,1,1,1
40223570,1,2,1.00,0.00,0.00,0.00,2300,23,2330,00,2345,45,22.12,HBW,6,2,1,2,2,4,2,2,2,2,1,76,1,2,1,1,1
40234921,1,1,1.00,1.00,1.00,0.00,700,7,730,00,720,20,0.50,HBO,1,5,1,1,1,5,1,1,0,2,1,67,1,5,2,2,1
40234921,1,2,1.00,1.00,1.00,0.00,815,8,830,15,820,5,0.73,HBSHOP,7,5,1,1,1,5,1,1,0,2,1,67,1,5,2,2,1
40234921,1,3,1.00,1.00,1.00,0.00,830,8,830,30,831,1,0.18,NHB,7,5,1,1,1,5,1,1,0,2,1,67,1,5,2,2,1
40234921,1,4,1.00,0.00,0.00,0.00,930,9,930,30,935,5,1.07,HBSOCREC,7,5,1,1,1,5,1,1,0,2,1,67,1,5,2,2,1
40234921,1,5,1.00,0.00,0.00,0.00,1030,10,1030,30,1055,25,0.50,HBO,1,5,1,1,1,5,1,1,0,2,1,67,1,5,2,2,1
40234921,1,6,1.00,0.00,0.00,0.00,1145,11,1130,45,1155,10,1.07,HBO,7,5,1,1,1,5,1,1,0,2,1,67,1,5,2,2,1
40234921,1,7,1.00,0.00,0.00,0.00,1400,14,1430,00,1405,5,1.07,HBO,7,5,1,1,1,5,1,1,0,2,1,67,1,5,2,2,1
40234921,1,8,1.00,0.00,2.00,1.00,1655,16,1630,55,1720,25,0.50,HBO,1,5,1,1,1,5,1,1,0,2,1,67,1,5,2,2,1
40272738,1,1,1.00,1.00,1.00,0.00,650,6,630,50,730,40,15.25,HBW,5,3,1,3,5,6,3,2,2,2,1,50,0,2,1,1,1
40272738,1,2,1.00,0.00,0.00,0.00,1500,15,1530,00,1540,40,14.76,HBW,5,3,1,3,5,6,3,2,2,2,1,50,0,2,1,1,1
40272738,2,1,1.00,1.00,1.00,0.00,700,7,730,00,715,15,6.79,HBW,3,3,1,3,5,6,3,2,2,2,1,45,0,2,2,1,1
40272738,2,2,1.00,0.00,2.00,1.00,1740,17,1730,40,1754,14,4.14,NHB,3,3,1,3,5,6,3,2,2,2,1,45,0,2,2,1,1
40272738,2,3,1.00,0.00,2.00,1.00,1830,18,1830,30,1849,19,2.93,HBSHOP,3,3,1,3,5,6,3,2,2,2,1,45,0,2,2,1,1
40274476,1,1,1.00,0.00,0.00,0.00,900,9,930,00,918,18,7.17,HBSHOP,3,3,1,1,1,9,1,1,1,2,1,65,1,5,2,1,1
40274476,1,2,1.00,0.00,0.00,0.00,922,9,930,22,930,8,0.12,NHB,3,3,1,1,1,9,1,1,1,2,1,65,1,5,2,1,1
40274476,1,3,1.00,0.00,0.00,0.00,1000,10,1030,00,1025,25,6.30,NHB,3,3,1,1,1,9,1,1,1,2,1,65,1,5,2,1,1
40274476,1,4,1.00,0.00,0.00,0.00,1040,10,1030,40,1045,5,0.47,HBSHOP,3,3,1,1,1,9,1,1,1,2,1,65,1,5,2,1,1
40274476,1,5,1.00,0.00,0.00,0.00,1215,12,1230,15,1240,25,5.77,HBW,3,3,1,1,1,9,1,1,1,2,1,65,1,5,2,1,1
40274476,1,6,1.00,0.00,2.00,1.00,1645,16,1630,45,1710,25,5.19,NHB,3,3,1,1,1,9,1,1,1,2,1,65,1,5,2,1,1
40274476,1,7,1.00,0.00,2.00,1.00,1716,17,1730,16,1720,4,1.81,NHB,3,3,1,1,1,9,1,1,1,2,1,65,1,5,2,1,1
40274476,1,8,1.00,0.00,0.00,0.00,1930,19,1930,30,1955,25,4.67,HBW,3,3,1,1,1,9,1,1,1,2,1,65,1,5,2,1,1
40287576,1,1,1.00,1.00,1.00,0.00,600,6,630,00,640,40,18.85,HBW,4,4,1,2,2,6,2,2,2,2,1,53,1,2,2,1,1
40287576,2,1,1.00,1.00,1.00,0.00,730,7,730,30,815,45,10.99,HBW,3,4,1,2,2,6,2,2,2,2,1,24,0,4,1,1,1
40289584,1,1,1.00,1.00,1.00,0.00,830,8,830,30,900,30,1.30,HBSOCREC,2,6,2,2,2,11,2,2,1,2,1,49,0,3,2,2,1
40289584,1,2,1.00,0.00,0.00,0.00,930,9,930,30,945,15,1.30,HBSOCREC,2,6,2,2,2,11,2,2,1,2,1,49,0,3,2,2,1
40289584,2,1,1.00,1.00,1.00,0.00,715,7,730,15,800,45,16.15,HBW,3,6,2,2,2,11,2,2,1,2,1,48,0,3,1,1,1
40289584,2,2,1.00,0.00,2.00,1.00,1715,17,1730,15,1730,15,7.42,NHB,3,6,2,2,2,11,2,2,1,2,1,48,0,3,1,1,1
40289584,2,3,1.00,0.00,2.00,1.00,1745,17,1730,45,1815,30,9.68,HBSHOP,3,6,2,2,2,11,2,2,1,2,1,48,0,3,1,1,1
40300042,1,1,1.00,0.00,0.00,0.00,1000,10,1030,00,1020,20,7.06,HBSOCREC,6,3,1,2,2,6,2,2,1,2,97,72,1,1,1,2,1
40300042,1,2,1.00,0.00,0.00,0.00,1230,12,1230,30,1250,20,7.07,HBSOCREC,6,3,1,2,2,6,2,2,1,2,97,72,1,1,1,2,1
40316188,1,1,1.00,1.00,1.00,0.00,800,8,830,00,825,25,8.17,HBW,4,5,2,1,1,4,1,1,1,2,1,25,0,4,1,1,1
40316188,1,2,1.00,0.00,2.00,1.00,1735,17,1730,35,1835,60,20.27,NHB,4,5,2,1,1,4,1,1,1,2,1,25,0,4,1,1,1
40316188,1,3,1.00,0.00,0.00,0.00,2000,20,2030,00,2035,35,25.51,HBSOCREC,4,5,2,1,1,4,1,1,1,2,1,25,0,4,1,1,1
40337859,1,1,1.00,0.00,0.00,0.00,915,9,930,15,945,30,22.76,HBW,3,4,1,2,2,8,2,2,2,2,1,55,1,3,1,1,1
40337859,1,2,1.00,0.00,2.00,1.00,1845,18,1830,45,1915,30,23.58,NHB,3,4,1,2,2,8,2,2,2,2,1,55,1,3,1,1,1
40337859,1,3,1.00,0.00,0.00,0.00,1920,19,1930,20,1925,5,2.06,HBSHOP,3,4,1,2,2,8,2,2,2,2,1,55,1,3,1,1,1
40337859,2,1,1.00,1.00,1.00,0.00,700,7,730,00,710,10,3.20,HBW,3,4,1,2,2,8,2,2,2,2,1,54,1,5,2,1,1
40337859,2,2,1.00,0.00,2.00,1.00,1630,16,1630,30,1640,10,3.20,HBW,3,4,1,2,2,8,2,2,2,2,1,54,1,5,2,1,1
40340676,1,1,1.00,1.00,1.00,0.00,630,6,630,30,635,5,2.58,HBSHOP,3,5,1,3,2,6,1,1,1,2,1,27,0,4,2,1,1
40340676,1,2,1.00,1.00,1.00,0.00,648,6,630,48,700,12,2.66,NHB,3,5,1,3,2,6,1,1,1,2,1,27,0,4,2,1,1
40340676,1,3,1.00,1.00,1.00,0.00,845,8,830,45,900,15,4.27,HBW,3,5,1,3,2,6,1,1,1,2,1,27,0,4,2,1,1
40340676,1,4,1.00,0.00,0.00,0.00,1145,11,1130,45,1150,5,2.87,HBO,5,5,1,3,2,6,1,1,1,2,1,27,0,4,2,1,1
40340676,1,5,1.00,0.00,0.00,0.00,1212,12,1230,12,1220,8,3.04,HBO,5,5,1,3,2,6,1,1,1,2,1,27,0,4,2,1,1
40340676,1,6,1.00,0.00,0.00,0.00,1350,13,1330,50,1400,10,2.87,HBO,5,5,1,3,2,6,1,1,1,2,1,27,0,4,2,1,1
40340676,1,7,1.00,0.00,0.00,0.00,1500,15,1530,00,1510,10,3.04,HBO,5,5,1,3,2,6,1,1,1,2,1,27,0,4,2,1,1
40342326,1,1,1.00,0.00,0.00,0.00,1415,14,1430,15,1445,30,15.31,HBW,3,4,1,2,2,7,2,2,2,2,1,45,0,4,2,1,1
40342326,1,2,1.00,0.00,0.00,0.00,100,1,130,00,130,30,15.20,HBW,3,4,1,2,2,7,2,2,2,2,1,45,0,4,2,1,1
40342326,2,1,1.00,1.00,1.00,0.00,829,8,830,29,930,61,15.60,HBO,3,4,1,2,2,7,2,2,2,2,1,51,1,4,1,1,1
40342326,2,2,1.00,0.00,0.00,0.00,945,9,930,45,1002,17,7.82,NHB,3,4,1,2,2,7,2,2,2,2,1,51,1,4,1,1,1
40342326,2,3,1.00,0.00,0.00,0.00,1021,10,1030,21,1042,21,21.52,HBO,3,4,1,2,2,7,2,2,2,2,1,51,1,4,1,1,1
40342326,2,4,1.00,0.00,0.00,0.00,1205,12,1230,05,1208,3,0.83,HBSHOP,3,4,1,2,2,7,2,2,2,2,1,51,1,4,1,1,1
40342326,2,5,1.00,0.00,0.00,0.00,1259,12,1230,59,1302,3,0.85,HBSHOP,3,4,1,2,2,7,2,2,2,2,1,51,1,4,1,1,1
40342326,2,6,1.00,0.00,2.00,1.00,1805,18,1830,05,1807,2,0.83,HBSHOP,3,4,1,2,2,7,2,2,2,2,1,51,1,4,1,1,1
40342326,2,7,1.00,0.00,2.00,1.00,1817,18,1830,17,1820,3,0.85,HBSHOP,3,4,1,2,2,7,2,2,2,2,1,51,1,4,1,1,1
40348045,1,1,1.00,0.00,0.00,0.00,545,5,530,45,615,30,10.47,HBW,3,2,1,1,2,3,1,1,1,2,1,54,1,2,2,1,1
40348045,1,2,1.00,0.00,0.00,0.00,1400,14,1430,00,1415,15,3.27,NHB,3,2,1,1,2,3,1,1,1,2,1,54,1,2,2,1,1
40348045,1,3,1.00,0.00,0.00,0.00,1428,14,1430,28,1435,7,1.87,NHB,3,2,1,1,2,3,1,1,1,2,1,54,1,2,2,1,1
40348045,1,4,1.00,0.00,0.00,0.00,1438,14,1430,38,1455,17,3.70,HBO,3,2,1,1,2,3,1,1,1,2,1,54,1,2,2,1,1
40364586,1,1,1.00,1.00,1.00,0.00,830,8,830,30,945,75,57.24,HBSOCREC,4,6,1,2,1,-8,2,2,1,2,1,80,1,3,1,1,1
40364586,1,2,1.00,0.00,0.00,0.00,1930,19,1930,30,2045,75,42.54,NHB,4,6,1,2,1,-8,2,2,1,2,1,80,1,3,1,1,1
40364586,1,3,1.00,0.00,0.00,0.00,2055,20,2030,55,2130,35,12.47,HBSHOP,4,6,1,2,1,-8,2,2,1,2,1,80,1,3,1,1,1
40364586,1,4,1.00,0.00,0.00,0.00,2145,21,2130,45,2200,15,0.44,HBO,1,6,1,2,1,-8,2,2,1,2,1,80,1,3,1,1,1
40364586,2,1,1.00,1.00,1.00,0.00,830,8,830,30,945,75,57.24,HBSOCREC,4,6,1,2,1,-8,2,2,1,2,1,76,1,3,2,2,1
40364586,2,2,1.00,0.00,0.00,0.00,1930,19,1930,30,2045,75,42.54,NHB,4,6,1,2,1,-8,2,2,1,2,1,76,1,3,2,2,1
40364586,2,3,1.00,0.00,0.00,0.00,2055,20,2030,55,2130,35,12.47,HBSHOP,4,6,1,2,1,-8,2,2,1,2,1,76,1,3,2,2,1
40364586,2,4,1.00,0.00,0.00,0.00,2145,21,2130,45,2200,15,0.44,HBO,1,6,1,2,1,-8,2,2,1,2,1,76,1,3,2,2,1
40380647,1,1,1.00,1.00,1.00,0.00,715,7,730,15,730,15,0.37,HBSOCREC,1,3,1,4,2,4,2,2,1,2,3,34,0,3,2,2,1
40380647,1,2,1.00,1.00,1.00,0.00,815,8,830,15,830,15,0.37,HBSOCREC,1,3,1,4,2,4,2,2,1,2,3,34,0,3,2,2,1
40380647,1,3,1.00,0.00,0.00,0.00,1045,10,1030,45,1100,15,3.80,HBSHOP,3,3,1,4,2,4,2,2,1,2,3,34,0,3,2,2,1
40380647,1,4,1.00,0.00,0.00,0.00,1130,11,1130,30,1145,15,3.89,HBSHOP,3,3,1,4,2,4,2,2,1,2,3,34,0,3,2,2,1
40380647,2,1,1.00,0.00,0.00,0.00,1030,10,1030,30,1055,25,9.98,HBW,3,3,1,4,2,4,2,2,1,2,3,39,0,3,1,1,1
40380647,2,2,1.00,0.00,0.00,0.00,1900,19,1930,00,1925,25,9.81,HBW,3,3,1,4,2,4,2,2,1,2,3,39,0,3,1,1,1
40411451,1,1,1.00,0.00,0.00,0.00,903,9,930,03,905,2,0.04,HBSOCREC,1,6,1,1,4,5,1,1,0,2,1,82,1,5,1,2,1
40411451,1,2,1.00,0.00,0.00,0.00,931,9,930,31,1045,74,1.15,NHB,7,6,1,1,4,5,1,1,0,2,1,82,1,5,1,2,1
40411451,1,3,1.00,0.00,0.00,0.00,1058,10,1030,58,1059,1,0.47,NHB,7,6,1,1,4,5,1,1,0,2,1,82,1,5,1,2,1
40411451,1,4,1.00,0.00,0.00,0.00,1118,11,1130,18,1119,1,1.10,NHB,7,6,1,1,4,5,1,1,0,2,1,82,1,5,1,2,1
40411451,1,5,1.00,0.00,0.00,0.00,1150,11,1130,50,1300,70,1.31,HBSOCREC,7,6,1,1,4,5,1,1,0,2,1,82,1,5,1,2,1
40411451,1,6,1.00,0.00,2.00,1.00,1607,16,1630,07,1617,10,1.31,HBO,3,6,1,1,4,5,1,1,0,2,1,82,1,5,1,2,1
40411451,1,7,1.00,0.00,2.00,1.00,1627,16,1630,27,1645,18,1.03,NHB,3,6,1,1,4,5,1,1,0,2,1,82,1,5,1,2,1
40411451,1,8,1.00,0.00,2.00,1.00,1815,18,1830,15,1825,10,0.99,NHB,3,6,1,1,4,5,1,1,0,2,1,82,1,5,1,2,1
40411451,1,9,1.00,0.00,2.00,1.00,1835,18,1830,35,1855,20,1.31,HBSOCREC,3,6,1,1,4,5,1,1,0,2,1,82,1,5,1,2,1
40454080,1,1,1.00,1.00,1.00,0.00,730,7,730,30,735,5,0.64,HBO,3,6,1,3,2,3,2,2,1,2,2,63,1,2,2,2,1
40454080,1,2,1.00,1.00,1.00,0.00,740,7,730,40,745,5,0.64,HBO,3,6,1,3,2,3,2,2,1,2,2,63,1,2,2,2,1
40454080,1,3,1.00,0.00,0.00,0.00,1515,15,1530,15,1520,5,0.64,HBO,3,6,1,3,2,3,2,2,1,2,2,63,1,2,2,2,1
40454080,1,4,1.00,0.00,0.00,0.00,1521,15,1530,21,1525,4,0.64,HBO,3,6,1,3,2,3,2,2,1,2,2,63,1,2,2,2,1
40454080,3,1,1.00,1.00,1.00,0.00,700,7,730,00,730,30,14.42,HBO,5,6,1,3,2,3,2,2,1,2,2,36,0,2,1,1,1
40454080,3,2,1.00,0.00,2.00,1.00,1600,16,1630,00,1630,30,3.80,HBO,5,6,1,3,2,3,2,2,1,2,2,36,0,2,1,1,1
40454080,3,3,1.00,0.00,2.00,1.00,1700,17,1730,00,1730,30,5.58,NHB,5,6,1,3,2,3,2,2,1,2,2,36,0,2,1,1,1
40454080,3,4,1.00,0.00,0.00,0.00,1900,19,1930,00,1930,30,13.05,HBO,5,6,1,3,2,3,2,2,1,2,2,36,0,2,1,1,1
40482416,1,1,1.00,1.00,1.00,0.00,800,8,830,00,825,25,8.05,HBSHOP,3,4,1,1,1,5,1,1,1,2,1,51,1,5,2,1,1
40482416,1,2,1.00,1.00,1.00,0.00,838,8,830,38,842,4,0.89,NHB,3,4,1,1,1,5,1,1,1,2,1,51,1,5,2,1,1
40482416,1,3,1.00,0.00,0.00,0.00,1515,15,1530,15,1523,8,3.15,NHB,3,4,1,1,1,5,1,1,1,2,1,51,1,5,2,1,1
40482416,1,4,1.00,0.00,0.00,0.00,1529,15,1530,29,1540,11,4.06,NHB,3,4,1,1,1,5,1,1,1,2,1,51,1,5,2,1,1
40482416,1,5,1.00,0.00,2.00,1.00,1600,16,1630,00,1608,8,2.04,HBO,3,4,1,1,1,5,1,1,1,2,1,51,1,5,2,1,1
40485306,1,1,1.00,0.00,0.00,0.00,1130,11,1130,30,1140,10,3.00,HBSOCREC,3,2,2,1,1,6,1,1,1,2,1,33,0,5,2,1,1
40485306,1,2,1.00,0.00,0.00,0.00,1310,13,1330,10,1330,20,3.16,HBSOCREC,3,2,2,1,1,6,1,1,1,2,1,33,0,5,2,1,1
40485306,1,3,1.00,0.00,0.00,0.00,1530,15,1530,30,1535,5,2.61,HBSHOP,3,2,2,1,1,6,1,1,1,2,1,33,0,5,2,1,1
40485306,1,4,1.00,0.00,0.00,0.00,1545,15,1530,45,1555,10,2.87,HBSHOP,3,2,2,1,1,6,1,1,1,2,1,33,0,5,2,1,1
40485306,1,5,1.00,0.00,2.00,1.00,1745,17,1730,45,1750,5,2.61,HBSHOP,3,2,2,1,1,6,1,1,1,2,1,33,0,5,2,1,1
40485306,1,6,1.00,0.00,2.00,1.00,1800,18,1830,00,1810,10,2.87,HBSHOP,3,2,2,1,1,6,1,1,1,2,1,33,0,5,2,1,1
40486497,1,1,1.00,1.00,1.00,0.00,700,7,730,00,745,45,12.86,HBSOCREC,6,2,2,2,2,4,2,2,0,2,2,65,1,2,1,2,1
40486497,1,2,1.00,0.00,0.00,0.00,1245,12,1230,45,1310,25,16.71,NHB,6,2,2,2,2,4,2,2,0,2,2,65,1,2,1,2,1
40486497,1,3,1.00,0.00,0.00,0.00,1330,13,1330,30,1340,10,0.70,NHB,6,2,2,2,2,4,2,2,0,2,2,65,1,2,1,2,1
40486497,1,4,1.00,0.00,0.00,0.00,1400,14,1430,00,1420,20,5.21,HBSHOP,6,2,2,2,2,4,2,2,0,2,2,65,1,2,1,2,1
40486497,1,5,1.00,0.00,0.00,0.00,1430,14,1430,30,1440,10,5.72,HBSHOP,6,2,2,2,2,4,2,2,0,2,2,65,1,2,1,2,1
40486497,1,6,1.00,0.00,0.00,0.00,1450,14,1430,50,1500,10,5.73,HBSHOP,6,2,2,2,2,4,2,2,0,2,2,65,1,2,1,2,1
40494197,1,1,1.00,1.00,1.00,0.00,710,7,730,10,750,40,29.64,HBW,3,3,1,3,3,6,3,3,2,2,97,30,0,2,1,1,1
40494197,1,2,1.00,0.00,2.00,1.00,1720,17,1730,20,1846,86,30.78,NHB,3,3,1,3,3,6,3,3,2,2,97,30,0,2,1,1,1
40494197,1,3,1.00,0.00,2.00,1.00,1852,18,1830,52,1900,8,3.93,NHB,3,3,1,3,3,6,3,3,2,2,97,30,0,2,1,1,1
40494197,1,4,1.00,0.00,0.00,0.00,1912,19,1930,12,1924,12,4.48,HBSHOP,3,3,1,3,3,6,3,3,2,2,97,30,0,2,1,1,1
40494197,2,1,1.00,1.00,1.00,0.00,710,7,730,10,750,40,29.64,HBW,3,3,1,3,3,6,3,3,2,2,97,42,0,3,2,1,1
40494197,2,2,1.00,0.00,2.00,1.00,1720,17,1730,20,1846,86,30.78,HBW,3,3,1,3,3,6,3,3,2,2,97,42,0,3,2,1,1
40494197,3,1,1.00,0.00,0.00,0.00,928,9,930,28,1001,33,26.10,HBSOCREC,3,3,1,3,3,6,3,3,2,2,97,18,0,2,2,2,1
40494197,3,2,1.00,0.00,0.00,0.00,1552,15,1530,52,1616,24,26.48,HBSOCREC,3,3,1,3,3,6,3,3,2,2,97,18,0,2,2,2,1
40501262,2,1,1.00,0.00,0.00,0.00,1015,10,1030,15,1020,5,1.26,HBSHOP,6,4,1,2,3,7,2,2,1,2,1,58,1,3,1,1,1
40501262,2,2,1.00,0.00,0.00,0.00,1032,10,1030,32,1040,8,1.26,HBSHOP,6,4,1,2,3,7,2,2,1,2,1,58,1,3,1,1,1
40509062,1,1,1.00,1.00,1.00,0.00,845,8,830,45,850,5,1.44,HBO,3,4,1,4,2,5,2,2,2,2,1,47,0,2,2,1,1
40509062,1,2,1.00,1.00,1.00,0.00,851,8,830,51,855,4,1.37,NHB,3,4,1,4,2,5,2,2,2,2,1,47,0,2,2,1,1
40509062,1,3,1.00,0.00,2.00,1.00,1715,17,1730,15,1720,5,1.36,NHB,3,4,1,4,2,5,2,2,2,2,1,47,0,2,2,1,1
40509062,1,4,1.00,0.00,2.00,1.00,1730,17,1730,30,1735,5,1.23,HBO,3,4,1,4,2,5,2,2,2,2,1,47,0,2,2,1,1
40510310,1,1,1.00,1.00,1.00,0.00,845,8,830,45,900,15,6.75,HBW,4,2,1,4,4,9,3,2,2,2,1,49,0,5,2,1,1
40510310,1,2,1.00,0.00,0.00,0.00,1400,14,1430,00,1415,15,5.83,HBW,4,2,1,4,4,9,3,2,2,2,1,49,0,5,2,1,1
40510310,1,3,1.00,0.00,2.00,1.00,1645,16,1630,45,1700,15,5.67,HBSOCREC,4,2,1,4,4,9,3,2,2,2,1,49,0,5,2,1,1
40510310,1,4,1.00,0.00,0.00,0.00,2100,21,2130,00,2105,5,1.65,NHB,4,2,1,4,4,9,3,2,2,2,1,49,0,5,2,1,1
40510310,1,5,1.00,0.00,0.00,0.00,2230,22,2230,30,2245,15,4.09,HBSHOP,4,2,1,4,4,9,3,2,2,2,1,49,0,5,2,1,1
40510310,2,1,1.00,1.00,1.00,0.00,730,7,730,30,800,30,23.41,HBW,3,2,1,4,4,9,3,2,2,2,1,50,0,4,1,1,1
40510310,2,2,1.00,0.00,2.00,1.00,1630,16,1630,30,1700,30,23.11,HBW,3,2,1,4,4,9,3,2,2,2,1,50,0,4,1,1,1
40510310,2,3,1.00,0.00,2.00,1.00,1701,17,1730,01,1715,14,5.67,HBSOCREC,4,2,1,4,4,9,3,2,2,2,1,50,0,4,1,1,1
40510310,2,4,1.00,0.00,0.00,0.00,2100,21,2130,00,2105,5,1.65,NHB,4,2,1,4,4,9,3,2,2,2,1,50,0,4,1,1,1
40510310,2,5,1.00,0.00,0.00,0.00,2230,22,2230,30,2245,15,4.09,HBSHOP,4,2,1,4,4,9,3,2,2,2,1,50,0,4,1,1,1
40518792,1,1,1.00,1.00,1.00,0.00,800,8,830,00,815,15,1.15,HBSOCREC,7,4,1,2,1,3,2,2,0,2,1,73,1,1,1,2,1
40518792,1,2,1.00,0.00,0.00,0.00,1230,12,1230,30,1245,15,1.15,HBSOCREC,7,4,1,2,1,3,2,2,0,2,1,73,1,1,1,2,1
40518792,1,3,1.00,0.00,2.00,1.00,1800,18,1830,00,1815,15,1.15,HBSHOP,3,4,1,2,1,3,2,2,0,2,1,73,1,1,1,2,1
40518792,1,4,1.00,0.00,0.00,0.00,2100,21,2130,00,2115,15,1.15,HBSHOP,3,4,1,2,1,3,2,2,0,2,1,73,1,1,1,2,1
40518792,2,1,1.00,0.00,0.00,0.00,1100,11,1130,00,1140,40,21.97,HBSHOP,3,4,1,2,1,3,2,2,0,2,1,70,1,3,2,2,1
40518792,2,2,1.00,0.00,0.00,0.00,1500,15,1530,00,1540,40,21.92,HBSHOP,3,4,1,2,1,3,2,2,0,2,1,70,1,3,2,2,1
40518792,2,3,1.00,0.00,2.00,1.00,1800,18,1830,00,1815,15,1.15,HBSHOP,3,4,1,2,1,3,2,2,0,2,1,70,1,3,2,2,1
40518792,2,4,1.00,0.00,0.00,0.00,2100,21,2130,00,2115,15,1.15,HBSHOP,3,4,1,2,1,3,2,2,0,2,1,70,1,3,2,2,1
40541934,1,1,1.00,0.00,0.00,0.00,1245,12,1230,45,1305,20,1.57,HBSOCREC,5,5,1,2,1,1,1,1,0,2,2,70,1,2,2,2,1
40541934,1,2,1.00,0.00,2.00,1.00,1700,17,1730,00,1715,15,1.56,NHB,5,5,1,2,1,1,1,1,0,2,2,70,1,2,2,2,1
40541934,1,3,1.00,0.00,2.00,1.00,1730,17,1730,30,1745,15,0.92,HBSHOP,5,5,1,2,1,1,1,1,0,2,2,70,1,2,2,2,1
40588175,1,1,1.00,1.00,1.00,0.00,700,7,730,00,730,30,9.14,HBO,5,2,1,7,2,-7,2,2,1,2,2,65,1,3,2,2,1
40588175,1,2,1.00,1.00,1.00,0.00,733,7,730,33,800,27,9.27,NHB,5,2,1,7,2,-7,2,2,1,2,2,65,1,3,2,2,1
40588175,1,3,1.00,1.00,1.00,0.00,803,8,830,03,835,32,17.06,NHB,5,2,1,7,2,-7,2,2,1,2,2,65,1,3,2,2,1
40588175,1,4,1.00,1.00,1.00,0.00,838,8,830,38,850,12,2.12,HBO,5,2,1,7,2,-7,2,2,1,2,2,65,1,3,2,2,1
40588175,1,5,1.00,0.00,0.00,0.00,900,9,930,00,910,10,4.39,HBSHOP,5,2,1,7,2,-7,2,2,1,2,2,65,1,3,2,2,1
40588175,1,6,1.00,0.00,0.00,0.00,950,9,930,50,1015,25,3.93,NHB,5,2,1,7,2,-7,2,2,1,2,2,65,1,3,2,2,1
40588175,1,7,1.00,0.00,0.00,0.00,1040,10,1030,40,1115,35,18.07,NHB,5,2,1,7,2,-7,2,2,1,2,2,65,1,3,2,2,1
40588175,1,8,1.00,0.00,0.00,0.00,1215,12,1230,15,1220,5,4.22,NHB,5,2,1,7,2,-7,2,2,1,2,2,65,1,3,2,2,1
40588175,1,9,1.00,0.00,0.00,0.00,1320,13,1330,20,1350,30,21.50,HBSHOP,5,2,1,7,2,-7,2,2,1,2,2,65,1,3,2,2,1
40588175,1,10,1.00,0.00,0.00,0.00,1400,14,1430,00,1410,10,6.28,HBSHOP,5,2,1,7,2,-7,2,2,1,2,2,65,1,3,2,2,1
40588175,1,11,1.00,0.00,0.00,0.00,1415,14,1430,15,1510,55,12.97,NHB,5,2,1,7,2,-7,2,2,1,2,2,65,1,3,2,2,1
40588175,1,12,1.00,0.00,0.00,0.00,1512,15,1530,12,1545,33,10.95,NHB,5,2,1,7,2,-7,2,2,1,2,2,65,1,3,2,2,1
40588175,1,13,1.00,0.00,0.00,0.00,1547,15,1530,47,1620,33,5.00,NHB,5,2,1,7,2,-7,2,2,1,2,2,65,1,3,2,2,1
40588175,1,14,1.00,0.00,2.00,1.00,1645,16,1630,45,1655,10,1.41,NHB,5,2,1,7,2,-7,2,2,1,2,2,65,1,3,2,2,1
40588175,1,15,1.00,0.00,2.00,1.00,1657,16,1630,57,1720,23,8.15,HBO,5,2,1,7,2,-7,2,2,1,2,2,65,1,3,2,2,1
40601786,1,1,1.00,0.00,2.00,1.00,1859,18,1830,59,1913,14,2.37,HBSHOP,3,3,2,2,1,4,1,2,0,2,1,42,0,3,2,2,1
40601786,1,2,1.00,0.00,0.00,0.00,1917,19,1930,17,1929,12,1.99,NHB,3,3,2,2,1,4,1,2,0,2,1,42,0,3,2,2,1
40601786,1,3,1.00,0.00,0.00,0.00,1938,19,1930,38,1946,8,1.68,HBSHOP,3,3,2,2,1,4,1,2,0,2,1,42,0,3,2,2,1
40601786,2,1,1.00,0.00,2.00,1.00,1859,18,1830,59,1913,14,2.37,HBSHOP,3,3,2,2,1,4,1,2,0,2,1,43,0,3,2,2,2
40601786,2,2,1.00,0.00,0.00,0.00,1917,19,1930,17,1929,12,1.99,NHB,3,3,2,2,1,4,1,2,0,2,1,43,0,3,2,2,2
40601786,2,3,1.00,0.00,0.00,0.00,1937,19,1930,37,1946,9,1.68,HBSHOP,3,3,2,2,1,4,1,2,0,2,1,43,0,3,2,2,2
40609545,1,1,1.00,1.00,1.00,0.00,645,6,630,45,700,15,6.16,NHB,3,3,1,3,2,6,2,2,2,2,1,50,0,5,2,1,1
40609545,1,2,1.00,0.00,0.00,0.00,1900,19,1930,00,1930,30,6.25,NHB,3,3,1,3,2,6,2,2,2,2,1,50,0,5,2,1,1
40609545,2,1,1.00,1.00,1.00,0.00,630,6,630,30,650,20,12.00,HBW,4,3,1,3,2,6,2,2,2,2,1,55,1,4,1,1,1
40609545,2,2,1.00,0.00,2.00,1.00,1600,16,1630,00,1630,30,12.34,HBW,4,3,1,3,2,6,2,2,2,2,1,55,1,4,1,1,1
40620866,1,1,1.00,1.00,1.00,0.00,600,6,630,00,630,30,9.42,HBW,6,5,1,1,2,3,1,1,1,2,1,55,1,2,1,1,1
40620866,1,2,1.00,0.00,0.00,0.00,2230,22,2230,30,2300,30,8.81,HBW,6,5,1,1,2,3,1,1,1,2,1,55,1,2,1,1,1
40630702,1,1,1.00,1.00,1.00,0.00,815,8,830,15,830,15,4.06,NHB,4,2,1,2,2,6,2,2,2,2,1,55,1,3,2,1,1
40630702,1,2,1.00,0.00,0.00,0.00,1500,15,1530,00,1505,5,1.19,NHB,4,2,1,2,2,6,2,2,2,2,1,55,1,3,2,1,1
40630702,1,3,1.00,0.00,0.00,0.00,1530,15,1530,30,1545,15,3.40,NHB,4,2,1,2,2,6,2,2,2,2,1,55,1,3,2,1,1
40630702,1,4,1.00,0.00,2.00,1.00,1630,16,1630,30,1645,15,4.21,NHB,4,2,1,2,2,6,2,2,2,2,1,55,1,3,2,1,1
40630702,1,5,1.00,0.00,2.00,1.00,1715,17,1730,15,1730,15,2.61,NHB,4,2,1,2,2,6,2,2,2,2,1,55,1,3,2,1,1
40630702,1,6,1.00,0.00,2.00,1.00,1740,17,1730,40,1800,20,5.04,NHB,4,2,1,2,2,6,2,2,2,2,1,55,1,3,2,1,1
40630702,1,7,1.00,0.00,2.00,1.00,1830,18,1830,30,1850,20,4.06,HBW,4,2,1,2,2,6,2,2,2,2,1,55,1,3,2,1,1
40634592,1,1,1.00,0.00,0.00,0.00,1245,12,1230,45,1252,7,3.28,HBSHOP,3,2,1,1,1,5,1,1,1,2,1,45,0,5,1,1,1
40634592,1,2,1.00,0.00,0.00,0.00,1257,12,1230,57,1305,8,2.42,NHB,3,2,1,1,1,5,1,1,1,2,1,45,0,5,1,1,1
40634592,1,3,1.00,0.00,0.00,0.00,2210,22,2230,10,2227,17,9.69,NHB,3,2,1,1,1,5,1,1,1,2,1,45,0,5,1,1,1
40634592,1,4,1.00,0.00,0.00,0.00,2229,22,2230,29,2234,5,2.27,HBSHOP,3,2,1,1,1,5,1,1,1,2,1,45,0,5,1,1,1
40645023,1,1,1.00,1.00,1.00,0.00,800,8,830,00,900,60,39.06,HBW,3,2,1,2,3,7,2,2,2,2,1,53,1,3,2,1,1
40645023,1,2,1.00,0.00,2.00,1.00,1700,17,1730,00,1750,50,39.48,NHB,3,2,1,2,3,7,2,2,2,2,1,53,1,3,2,1,1
40645023,1,3,1.00,0.00,2.00,1.00,1800,18,1830,00,1812,12,0.40,HBSHOP,3,2,1,2,3,7,2,2,2,2,1,53,1,3,2,1,1
40645023,2,1,1.00,0.00,0.00,0.00,500,5,530,00,700,120,22.24,HBW,4,2,1,2,3,7,2,2,2,2,1,48,0,3,1,1,1
40645023,2,2,1.00,0.00,0.00,0.00,930,9,930,30,1030,60,7.77,NHB,4,2,1,2,3,7,2,2,2,2,1,48,0,3,1,1,1
40645023,2,3,1.00,0.00,0.00,0.00,1200,12,1230,00,1220,20,1.20,NHB,4,2,1,2,3,7,2,2,2,2,1,48,0,3,1,1,1
40645023,2,4,1.00,0.00,0.00,0.00,1300,13,1330,00,1330,30,3.07,NHB,4,2,1,2,3,7,2,2,2,2,1,48,0,3,1,1,1
40645023,2,5,1.00,0.00,0.00,0.00,1340,13,1330,40,1445,65,7.45,NHB,4,2,1,2,3,7,2,2,2,2,1,48,0,3,1,1,1
40645023,2,6,1.00,0.00,2.00,1.00,1630,16,1630,30,1830,120,22.66,HBW,4,2,1,2,3,7,2,2,2,2,1,48,0,3,1,1,1
40673221,1,1,1.00,1.00,1.00,0.00,850,8,830,50,920,30,9.19,HBSOCREC,3,5,2,2,2,8,2,2,2,2,1,41,0,4,2,1,1
40673221,1,2,1.00,0.00,0.00,0.00,1035,10,1030,35,1040,5,3.37,NHB,3,5,2,2,2,8,2,2,2,2,1,41,0,4,2,1,1
40673221,1,3,1.00,0.00,0.00,0.00,1055,10,1030,55,1125,30,6.22,HBSHOP,3,5,2,2,2,8,2,2,2,2,1,41,0,4,2,1,1
40673221,1,4,1.00,0.00,0.00,0.00,1407,14,1430,07,1432,25,9.16,HBW,3,5,2,2,2,8,2,2,2,2,1,41,0,4,2,1,1
40673221,1,5,1.00,0.00,0.00,0.00,2314,23,2330,14,2342,28,8.66,HBW,3,5,2,2,2,8,2,2,2,2,1,41,0,4,2,1,1
40673221,2,1,1.00,0.00,2.00,1.00,1732,17,1730,32,1745,13,9.19,HBSOCREC,3,5,2,2,2,8,2,2,2,2,1,44,0,4,1,1,1
40673221,2,2,1.00,0.00,0.00,0.00,1900,19,1930,00,1910,10,2.59,NHB,3,5,2,2,2,8,2,2,2,2,1,44,0,4,1,1,1
40673221,2,3,1.00,0.00,0.00,0.00,1935,19,1930,35,1955,20,7.35,HBSHOP,3,5,2,2,2,8,2,2,2,2,1,44,0,4,1,1,1
40679837,1,1,1.00,0.00,0.00,0.00,440,4,430,40,550,70,3.52,HBO,11,4,1,1,0,2,0,1,0,2,1,77,1,4,2,2,2
40679837,1,2,1.00,1.00,1.00,0.00,845,8,830,45,900,15,3.52,HBO,11,4,1,1,0,2,0,1,0,2,1,77,1,4,2,2,2
40679837,1,3,1.00,0.00,2.00,1.00,1600,16,1630,00,1645,45,3.00,HBO,1,4,1,1,0,2,0,1,0,2,1,77,1,4,2,2,2
40695354,2,1,1.00,1.00,1.00,0.00,745,7,730,45,826,41,13.21,HBW,3,6,1,3,2,7,2,3,2,2,1,52,1,4,2,1,1
40695354,2,2,1.00,0.00,2.00,1.00,1707,17,1730,07,1752,45,13.24,HBW,3,6,1,3,2,7,2,3,2,2,1,52,1,4,2,1,1
40710199,1,1,1.00,1.00,1.00,0.00,610,6,630,10,630,20,11.50,HBW,3,2,2,1,1,6,1,1,1,2,1,61,1,3,1,1,1
40710199,1,2,1.00,0.00,0.00,0.00,1230,12,1230,30,1300,30,11.61,HBW,3,2,2,1,1,6,1,1,1,2,1,61,1,3,1,1,1
40710199,1,3,1.00,0.00,0.00,0.00,1930,19,1930,30,1945,15,23.57,HBSHOP,3,2,2,1,1,6,1,1,1,2,1,61,1,3,1,1,1
40710199,1,4,1.00,0.00,0.00,0.00,1950,19,1930,50,2025,35,17.09,NHB,3,2,2,1,1,6,1,1,1,2,1,61,1,3,1,1,1
40724139,1,1,1.00,1.00,1.00,0.00,830,8,830,30,835,5,0.63,HBO,2,4,1,3,2,6,2,2,2,2,1,46,0,3,2,1,1
40724139,1,2,1.00,1.00,1.00,0.00,840,8,830,40,845,5,0.63,HBO,2,4,1,3,2,6,2,2,2,2,1,46,0,3,2,1,1
40724139,1,3,1.00,0.00,0.00,0.00,1150,11,1130,50,1200,10,0.46,HBO,2,4,1,3,2,6,2,2,2,2,1,46,0,3,2,1,1
40724139,1,4,1.00,0.00,0.00,0.00,1210,12,1230,10,1220,10,0.37,NHB,1,4,1,3,2,6,2,2,2,2,1,46,0,3,2,1,1
40724139,1,5,1.00,0.00,0.00,0.00,1330,13,1330,30,1345,15,0.68,HBSHOP,2,4,1,3,2,6,2,2,2,2,1,46,0,3,2,1,1
40724139,1,6,1.00,0.00,0.00,0.00,1355,13,1330,55,1400,5,0.63,HBO,2,4,1,3,2,6,2,2,2,2,1,46,0,3,2,1,1
40724139,1,7,1.00,0.00,0.00,0.00,1405,14,1430,05,1415,10,0.63,HBO,2,4,1,3,2,6,2,2,2,2,1,46,0,3,2,1,1
40724139,1,8,1.00,0.00,0.00,0.00,1900,19,1930,00,1910,10,2.31,HBSOCREC,4,4,1,3,2,6,2,2,2,2,1,46,0,3,2,1,1
40724139,1,9,1.00,0.00,0.00,0.00,2130,21,2130,30,2140,10,2.14,HBSOCREC,4,4,1,3,2,6,2,2,2,2,1,46,0,3,2,1,1
40724139,2,1,1.00,1.00,1.00,0.00,800,8,830,00,840,40,14.98,HBW,4,4,1,3,2,6,2,2,2,2,1,53,1,5,1,1,1
40724139,2,2,1.00,0.00,0.00,0.00,1405,14,1430,05,1440,35,17.64,HBW,4,4,1,3,2,6,2,2,2,2,1,53,1,5,1,1,1
40724139,2,3,1.00,0.00,0.00,0.00,1545,15,1530,45,1610,25,7.04,HBO,4,4,1,3,2,6,2,2,2,2,1,53,1,5,1,1,1
40724139,2,4,1.00,0.00,2.00,1.00,1650,16,1630,50,1700,10,2.58,NHB,4,4,1,3,2,6,2,2,2,2,1,53,1,5,1,1,1
40724139,2,5,1.00,0.00,2.00,1.00,1730,17,1730,30,1745,15,4.55,HBSHOP,4,4,1,3,2,6,2,2,2,2,1,53,1,5,1,1,1
40727075,1,1,1.00,0.00,0.00,0.00,1058,10,1030,58,1128,30,4.59,HBO,6,4,1,2,5,4,2,2,1,2,1,67,1,4,2,1,1
40727075,1,2,1.00,0.00,0.00,0.00,1148,11,1130,48,1158,10,0.74,NHB,6,4,1,2,5,4,2,2,1,2,1,67,1,4,2,1,1
40727075,1,3,1.00,0.00,0.00,0.00,1235,12,1230,35,1300,25,4.76,HBSHOP,6,4,1,2,5,4,2,2,1,2,1,67,1,4,2,1,1
40727075,2,1,1.00,0.00,0.00,0.00,930,9,930,30,1000,30,8.97,HBSHOP,6,4,1,2,5,4,2,2,1,2,1,65,1,3,1,2,1
40727075,2,2,1.00,0.00,0.00,0.00,1020,10,1030,20,1040,20,8.94,NHB,6,4,1,2,5,4,2,2,1,2,1,65,1,3,1,2,1
40727075,2,3,1.00,0.00,0.00,0.00,1045,10,1030,45,1050,5,2.96,NHB,6,4,1,2,5,4,2,2,1,2,1,65,1,3,1,2,1
40727075,2,4,1.00,0.00,0.00,0.00,1058,10,1030,58,1103,5,0.90,NHB,6,4,1,2,5,4,2,2,1,2,1,65,1,3,1,2,1
40727075,2,5,1.00,0.00,0.00,0.00,1105,11,1130,05,1128,23,4.59,NHB,6,4,1,2,5,4,2,2,1,2,1,65,1,3,1,2,1
40727075,2,6,1.00,0.00,0.00,0.00,1148,11,1130,48,1158,10,0.74,NHB,6,4,1,2,5,4,2,2,1,2,1,65,1,3,1,2,1
40727075,2,7,1.00,0.00,0.00,0.00,1235,12,1230,35,1300,25,4.76,HBSHOP,6,4,1,2,5,4,2,2,1,2,1,65,1,3,1,2,1
40776015,1,1,1.00,1.00,1.00,0.00,800,8,830,00,810,10,2.01,HBO,3,2,2,1,1,3,1,1,0,2,2,78,1,2,2,2,1
40776015,1,2,1.00,0.00,0.00,0.00,1100,11,1130,00,1130,30,7.44,NHB,3,2,2,1,1,3,1,1,0,2,2,78,1,2,2,2,1
40776015,1,3,1.00,0.00,0.00,0.00,1415,14,1430,15,1445,30,8.34,HBSOCREC,3,2,2,1,1,3,1,1,0,2,2,78,1,2,2,2,1
40789881,1,1,1.00,1.00,1.00,0.00,600,6,630,00,605,5,1.30,HBSOCREC,3,3,1,4,4,11,2,2,2,2,1,39,0,5,1,1,1
40789881,1,2,1.00,1.00,1.00,0.00,705,7,730,05,710,5,1.18,HBSOCREC,3,3,1,4,4,11,2,2,2,2,1,39,0,5,1,1,1
40789881,1,3,1.00,1.00,1.00,0.00,750,7,730,50,810,20,11.21,HBW,3,3,1,4,4,11,2,2,2,2,1,39,0,5,1,1,1
40789881,1,4,1.00,0.00,0.00,0.00,1300,13,1330,00,1350,50,22.22,NHB,3,3,1,4,4,11,2,2,2,2,1,39,0,5,1,1,1
40789881,1,5,1.00,0.00,2.00,1.00,1710,17,1730,10,1805,55,32.82,HBW,3,3,1,4,4,11,2,2,2,2,1,39,0,5,1,1,1
40789881,2,1,1.00,1.00,1.00,0.00,800,8,830,00,810,10,2.07,HBO,4,3,1,4,4,11,2,2,2,2,1,41,0,4,2,1,1
40789881,2,2,1.00,1.00,1.00,0.00,815,8,830,15,845,30,12.71,NHB,4,3,1,4,4,11,2,2,2,2,1,41,0,4,2,1,1
40789881,2,3,1.00,0.00,2.00,1.00,1705,17,1730,05,1745,40,13.69,NHB,4,3,1,4,4,11,2,2,2,2,1,41,0,4,2,1,1
40789881,2,4,1.00,0.00,2.00,1.00,1750,17,1730,50,1755,5,2.07,HBO,4,3,1,4,4,11,2,2,2,2,1,41,0,4,2,1,1
